0.497544
0.504375
0.504382
0.490539
0.494133
0.501409
0.495937
0.502782
0.492908
0.490012
0.492903
0.507842
0.501886
0.503097
0.494921
0.504567
0.513330
0.493279
0.498752
0.500753
0.503188
0.511166
0.500562
0.488364
0.502625
0.480224
0.503170
0.496893
0.507081
0.502641
0.496233
0.499927
0.505912
0.513371
0.504430
0.495119
0.500902
0.493215
0.498517
0.505201
0.502459
0.506642
0.485307
0.503483
0.482095
0.489875
0.521215
0.503329
0.488512
0.495748
0.490563
0.500414
0.486776
0.516637
0.488516
0.500953
0.508792
0.503950
0.484605
0.515916
0.508193
0.497695
0.483099
0.495628
0.520562
0.507471
0.493461
0.500142
0.509750
0.508224
0.492782
0.502536
0.513734
0.503222
0.494465
0.494805
0.492982
0.488169
0.487064
0.503984
0.499721
0.508310
0.483206
0.478964
0.517922
0.494960
0.492511
0.502699
0.487834
0.489705
0.493151
0.496419
0.492125
0.503619
0.508217
0.511088
0.504361
0.506465
0.506003
0.496256
0.480617
0.478505
0.514975
0.499941
0.490030
0.487747
0.506787
0.487571
0.500206
0.502757
0.498057
0.502070
0.517745
0.503097
0.506169
0.501614
0.503766
0.494125
0.502942
0.498503
0.498014
0.501113
0.512952
0.503782
0.495276
0.512077
0.491657
0.495876
0.508866
0.498956
0.488344
0.499868
0.512338
0.498336
0.511501
0.505641
0.509813
0.499008
0.495975
0.487292
0.506553
0.501256
0.492018
0.495308
0.499505
0.497595
0.494661
0.500474
0.517777
0.495425
0.497627
0.527330
0.490385
0.499077
0.517333
0.503240
0.510092
0.500473
0.503374
0.484159
0.513322
0.512109
0.491971
0.495311
0.484299
0.503576
0.503505
0.512292
0.514249
0.500780
0.512421
0.497541
0.505882
0.506529
0.493061
0.509749
0.503315
0.488794
0.507255
0.497816
0.498730
0.505283
0.496394
0.505002
0.480480
0.504280
0.513379
0.492718
0.510751
0.481935
0.501089
0.507468
0.482310
0.504943
0.495447
0.503344
0.497378
0.499793
0.494945
0.494424
0.485226
0.499009
0.508760
0.510979
0.495674
0.493303
0.499361
0.489111
0.502917
0.495287
0.492380
0.490598
0.498639
0.481607
0.497680
0.492030
0.502790
0.491794
0.500317
0.503462
0.491794
0.485914
0.488096
0.494835
0.495537
0.503098
0.504204
0.501721
0.498168
0.499316
0.493762
0.485199
0.482691
0.488882
0.506262
0.497540
0.506534
0.484901
0.511849
0.501998
0.522352
0.509296
0.499897
0.491861
0.511245
0.489283
0.505904
0.517584
0.484203
0.494591
0.485447
0.502390
0.498677
0.477613
0.511573
0.483006
0.500066
0.498624
0.491731
0.492236
0.493519
0.485833
0.492286
0.496962
0.499677
0.472997
0.494971
0.492387
0.521765
0.502221
0.517473
0.498842
0.504211
0.496980
0.497798
0.495564
0.507262
0.508482
0.507209
0.483603
0.508401
0.497504
0.487206
0.502361
0.509149
0.478250
0.507495
0.487662
0.499303
0.507656
0.508227
0.489684
0.502340
0.493830
0.500434
0.502536
0.490615
0.514877
0.484145
0.502317
0.491366
0.496520
0.502853
0.503139
0.483152
0.495940
0.512361
0.511484
0.520534
0.497426
0.480018
0.506450
0.507708
0.493466
0.499812
0.497584
0.494962
0.490424
0.495553
0.498749
0.485750
0.497027
0.505986
0.498529
0.499136
0.502939
0.492008
0.508664
0.500891
0.487740
0.513719
0.491763
0.506237
0.495577
0.482216
0.514090
0.481970
0.511627
0.511299
0.501400
0.497484
0.483205
0.519892
0.504797
0.509805
0.497843
0.516124
0.514633
0.492752
0.493011
0.513932
0.496862
0.489547
0.511833
0.506904
0.511119
0.500463
0.505944
0.508779
0.504652
0.492743
0.476162
0.498604
0.494064
0.506249
0.491892
0.492144
0.503381
0.504168
0.505496
0.499211
0.492324
0.508403
0.508375
0.489009
0.492573
0.506519
0.493895
0.496410
0.517036
0.500598
0.501380
0.506991
0.493213
0.499243
0.510191
0.503069
0.504666
0.506324
0.494898
0.503229
0.497233
0.488169
0.509036
0.488663
0.504792
0.505064
0.491099
0.516581
0.501117
0.509282
0.522241
0.498164
0.500202
0.493544
0.507969
0.520995
0.503016
0.489994
0.512539
0.498677
0.500048
0.505955
0.481591
0.506910
0.514949
0.500649
0.517091
0.503639
0.510559
0.501911
0.487695
0.476029
0.493214
0.498443
0.506187
0.485507
0.515579
0.495633
0.506092
0.500075
0.507496
0.496871
0.495811
0.504194
0.495147
0.502486
0.489604
0.506508
0.500453
0.480977
0.512299
0.486608
0.487927
0.494328
0.501524
0.488804
0.489545
0.501189
0.496280
0.483554
0.494059
0.490503
0.488954
0.505669
0.492489
0.505308
0.506716
0.517908
0.497708
0.506249
0.517962
0.493867
0.492513
0.519228
0.513870
0.500545
0.497376
0.499707
0.505065
0.500188
0.506268
0.498793
0.507828
0.505818
0.498627
0.491230
0.506724
0.492687
0.501697
0.505737
0.496656
0.508652
0.491442
0.502635
0.495889
0.515376
0.505053
0.493400
0.504173
0.525687
0.502329
0.504505
0.507594
0.505500
0.499799
0.494977
0.490888
0.497992
0.501924
0.489485
0.480521
0.494637
0.500048
0.505259
0.510202
0.512010
0.497251
0.501736
0.517523
0.497480
0.492721
0.496994
0.508375
0.488984
0.513669
0.496168
0.507675
0.516746
0.512927
0.506582
0.495255
0.507577
0.489923
0.512658
0.520056
0.494778
0.503353
0.494152
0.496888
0.499455
0.498578
0.504455
0.494649
0.516558
0.489491
0.516226
0.519301
0.492388
0.496803
0.497040
0.498852
0.503700
0.503573
0.493951
0.500770
0.489334
0.497565
0.486375
0.498510
0.500319
0.496810
0.504483
0.492698
0.510351
0.498791
0.495521
0.499505
0.513355
0.506241
0.498558
0.504136
0.503366
0.494801
0.501617
0.506074
0.500083
0.506006
0.510278
0.512445
0.489974
0.498700
0.499984
0.511029
0.523001
0.488532
0.475378
0.484028
0.507558
0.502272
0.499647
0.510020
0.498288
0.501345
0.506376
0.499658
0.497962
0.499561
0.497934
0.497137
0.489750
0.499482
0.498309
0.522273
0.496955
0.492875
0.506900
0.516075
0.494798
0.497826
0.502083
0.500410
0.493457
0.499016
0.512826
0.510382
0.497360
0.503874
0.507621
0.498928
0.507176
0.502804
0.500028
0.489010
0.496436
0.498576
0.505954
0.512998
0.485662
0.483706
0.498517
0.495068
0.511337
0.490710
0.494663
0.516991
0.504272
0.495693
0.502434
0.497534
0.506077
0.497338
0.490046
0.497305
0.488090
0.497615
0.510613
0.503943
0.502786
0.496034
0.509883
0.487811
0.492099
0.501719
0.495556
0.518847
0.492419
0.503641
0.498895
0.488439
0.489843
0.496871
0.492447
0.491708
0.519288
0.499418
0.477440
0.503717
0.497476
0.493378
0.489994
0.493763
0.514466
0.486817
0.508842
0.502393
0.511672
0.490181
0.492930
0.498710
0.502154
0.495151
0.495305
0.495301
0.483285
0.498613
0.512848
0.479430
0.504215
0.496489
0.497710
0.496900
0.500459
0.482324
0.501053
0.499714
0.495631
0.509650
0.489316
0.511659
0.504662
0.497650
0.497234
0.491465
0.520293
0.492525
0.500040
0.494756
0.495745
0.498874
0.497692
0.513707
0.498708
0.497585
0.503385
0.478220
0.498901
0.499976
0.489436
0.513256
0.498475
0.493453
0.497429
0.494098
0.489808
0.502065
0.499898
0.499563
0.513384
0.488898
0.501263
0.492465
0.500957
0.497938
0.497539
0.511205
0.488779
0.499280
0.500260
0.502500
0.516780
0.488809
0.512552
0.508988
0.502950
0.492955
0.498268
0.518454
0.501196
0.494930
0.486066
0.495907
0.505311
0.486384
0.494115
0.497634
0.513286
0.485220
0.515633
0.505896
0.491104
0.514310
0.504674
0.511283
0.501129
0.513031
0.492433
0.501545
0.490984
0.508359
0.484504
0.500530
0.499547
0.505938
0.496572
0.498422
0.498140
0.505826
0.492593
0.495100
0.516108
0.509559
0.494904
0.495568
0.512306
0.506039
0.515221
0.501655
0.507023
0.496140
0.513068
0.516903
0.512732
0.486086
0.493925
0.491131
0.499838
0.507036
0.481594
0.494175
0.521358
0.499120
0.512334
0.495251
0.495276
0.505382
0.502486
0.521372
0.496705
0.507201
0.495726
0.508773
0.496808
0.492739
0.494974
0.501537
0.510476
0.502378
0.506317
0.493859
0.497389
0.491255
0.507065
0.491073
0.494295
0.522851
0.504986
0.501723
0.498828
0.506910
0.506320
0.507256
0.495433
0.492249
0.511433
0.490032
0.485935
0.487265
0.512754
0.490652
0.498294
0.504458
0.506757
0.480144
0.507448
0.515348
0.482041
0.507763
0.502898
0.497051
0.499978
0.503742
0.489169
0.493031
0.489371
0.491657
0.504630
0.511507
0.504712
0.495032
0.501220
0.501993
0.506532
0.496412
0.506468
0.503921
0.491490
0.504282
0.494855
0.513171
0.481124
0.496069
0.494672
0.498515
0.494449
0.496351
0.506166
0.495187
0.485702
0.501526
0.510603
0.502780
0.490637
0.500184
0.509439
0.494336
0.509250
0.484565
0.513231
0.503760
0.495046
0.514627
0.502855
0.494700
0.504704
0.498235
0.509574
0.512145
0.504624
0.490277
0.500480
0.515003
0.507042
0.494052
0.494850
0.489747
0.490405
0.498310
0.492312
0.501272
0.497902
0.510280
0.498710
0.490495
0.507726
0.496980
0.505107
0.503161
0.478858
0.507448
0.513774
0.495631
0.501395
0.516203
0.506041
0.498928
0.499850
0.514107
0.495925
0.504199
0.493644
0.505213
0.484447
0.518974
0.488457
0.506991
0.487559
0.498244
0.493287
0.498685
0.505137
0.505712
0.476584
0.500203
0.506056
0.500147
0.493392
0.515487
0.500100
0.489743
0.508513
0.491027
0.511892
0.516034
0.502821
0.492935
0.494358
0.503787
0.505891
0.503386
0.497170
0.515145
0.501170
0.512508
0.501697
0.484612
0.496235
0.498727
0.482096
0.494500
0.500646
0.492981
0.492440
0.518371
0.498700
0.490268
0.491570
0.515136
0.495470
0.502017
0.502156
0.498885
0.507065
0.493383
0.494704
0.515881
0.493866
0.500707
0.488873
0.492004
0.497087
0.490097
0.530274
0.494137
0.505972
0.506981
0.486907
0.499196
0.490161
0.508365
0.509369
0.480931
0.496641
0.487625
0.493883
0.482446
0.503265
0.506355
0.502927
0.494361
0.487924
0.493516
0.504368
0.479327
0.497531
0.497532
0.499094
0.509970
0.505756
0.503459
0.513962
0.495080
0.502065
0.516509
0.494018
0.491086
0.496836
0.506166
0.500721
0.491902
0.493464
0.505068
0.491691
0.505332
0.505361
0.518328
0.496042
0.498591
0.501349
0.489984
0.488397
0.501551
0.503921
0.493797
0.506438
0.499089
0.512402
0.502101
0.488677
0.500111
0.498044
0.492324
0.490625
0.485774
0.498650
0.499971
0.508643
0.497263
0.513492
0.498916
0.499528
0.498212
0.525622
0.501659
0.508014
0.510864
0.521914
0.506962
0.482436
0.519574
0.500267
0.504926
0.495845
0.508023
0.492555
0.490227
0.504721
0.492607
0.510121
0.497922
0.494090
0.503148
0.512941
0.517404
0.500060
0.504840
0.497765
0.485740
0.499674
0.510003
0.496356
0.515068
0.498932
0.504105
0.501870
0.499762
0.496774
0.513966
0.491507
0.517513
0.481752
0.490070
0.496465
0.508253
0.505172
0.500387
0.483606
0.498089
0.491098
0.505417
0.504871
0.513610
0.505173
0.487320
0.502782
0.486102
0.511392
0.484808
0.509687
0.480467
0.504725
0.503213
0.509643
0.499274
0.513023
0.499360
0.507730
0.497090
0.502273
0.511106
0.488791
0.511934
0.504331
0.498277
0.478434
0.494913
0.497399
0.496203
0.500769
0.503165
0.502210
0.501374
0.505015
0.500500
0.509040
0.503758
0.500359
0.505447
0.502248
0.503947
0.516977
0.508612
0.496160
0.494683
0.492712
0.502465
0.506335
0.507857
0.502838
0.498403
0.512769
0.494946
0.509664
0.498189
0.493335
0.497423
0.496510
0.481908
0.500289
0.501494
0.504988
0.506115
0.507125
0.493321
0.500653
0.517518
0.497644
0.503464
0.519121
0.506727
0.509035
0.500485
0.480939
0.506924
0.491414
0.487728
0.489430
0.495007
0.483461
0.505554
0.501302
0.505563
0.500487
0.497336
0.503316
0.504051
0.495566
0.489521
0.501876
0.507113
0.501997
0.494600
0.507453
0.510161
0.496933
0.485082
0.505504
0.495526
0.494178
0.495860
0.500095
0.504088
0.500945
0.508809
0.493712
0.503536
0.492104
0.495867
0.492630
0.517649
0.517182
0.486772
0.508712
0.501395
0.508469
0.495751
0.499299
0.507030
0.489199
0.500553
0.500105
0.491181
0.498723
0.500995
0.494857
0.495594
0.494458
0.507244
0.507047
0.492149
0.501017
0.508921
0.495887
0.496064
0.495530
0.481494
0.490485
0.500149
0.513402
0.493624
0.491850
0.507180
0.491041
0.496791
0.496983
0.502036
0.498896
0.508911
0.505167
0.493529
0.493095
0.505690
0.500152
0.505202
0.507403
0.483062
0.496753
0.496737
0.505011
0.502555
0.501441
0.494779
0.502584
0.487470
0.488110
0.501526
0.502326
0.487423
0.513821
0.495919
0.501432
0.493177
0.496850
0.509244
0.489353
0.495021
0.493378
0.491319
0.492466
0.505885
0.504548
0.487941
0.497508
0.491914
0.516494
0.516042
0.490516
0.511996
0.495836
0.495089
0.496899
0.507655
0.484409
0.488784
0.474559
0.499676
0.496751
0.494921
0.506303
0.496650
0.489817
0.480803
0.512581
0.516211
0.494432
0.502900
0.497879
0.496110
0.493562
0.503231
0.492362
0.501076
0.511166
0.494692
0.508090
0.515160
0.494601
0.486534
0.490867
0.495730
0.503437
0.495302
0.506393
0.507212
0.511608
0.499180
0.508917
0.499945
0.504584
0.485097
0.490797
0.494330
0.517830
0.500646
0.497975
0.496673
0.506347
0.479290
0.517677
0.509810
0.478457
0.515104
0.489263
0.505487
0.500469
0.512777
0.488651
0.508266
0.498126
0.524975
0.510021
0.501073
0.504054
0.515936
0.495830
0.498024
0.484381
0.485308
0.493327
0.498301
0.498143
0.507613
0.518165
0.507704
0.499840
0.504078
0.507475
0.490140
0.505419
0.502956
0.494174
0.514894
0.514141
0.501101
0.491926
0.487684
0.499799
0.499458
0.500596
0.520842
0.514202
0.501732
0.491510
0.505993
0.499400
0.482456
0.493150
0.494153
0.498907
0.504808
0.490548
0.494301
0.506358
0.502686
0.499574
0.516455
0.511316
0.490995
0.503829
0.507075
0.498608
0.505938
0.498461
0.485354
0.487759
0.489126
0.501940
0.502797
0.482825
0.496613
0.507849
0.509219
0.487494
0.498078
0.485824
0.502910
0.488153
0.491806
0.489907
0.492966
0.509349
0.498130
0.511289
0.497526
0.508867
0.494848
0.511745
0.494940
0.502491
0.492677
0.500976
0.511668
0.502430
0.489546
0.507004
0.480720
0.496783
0.515268
0.516294
0.501039
0.500557
0.490495
0.486588
0.508101
0.498374
0.506458
0.491618
0.481524
0.512273
0.485286
0.498391
0.491174
0.490916
0.505108
0.513784
0.510520
0.505331
0.498320
0.497519
0.496052
0.495399
0.504163
0.498082
0.506092
0.490796
0.498220
0.504543
0.512659
0.505376
0.504574
0.510974
0.501577
0.486099
0.509956
0.501104
0.491472
0.501800
0.502455
0.505866
0.519631
0.512627
0.507607
0.498162
0.502924
0.497914
0.513445
0.510105
0.501926
0.512279
0.489225
0.508292
0.481467
0.507422
0.496474
0.502940
0.504621
0.498208
0.506584
0.502658
0.501618
0.503458
0.502241
0.509969
0.504454
0.489286
0.500819
0.491769
0.504572
0.501298
0.496260
0.510738
0.489671
0.506084
0.517224
0.507125
0.487558
0.493546
0.503570
0.487127
0.508226
0.504960
0.493987
0.499755
0.486562
0.506682
0.499400
0.499551
0.487997
0.505021
0.496533
0.489307
0.494939
0.496094
0.498695
0.497892
0.505718
0.494793
0.490843
0.500938
0.497947
0.498971
0.506219
0.502904
0.482965
0.513450
0.496899
0.491943
0.488145
0.504134
0.500888
0.514345
0.508327
0.509696
0.524660
0.476318
0.494069
0.498871
0.497045
0.518966
0.497282
0.497859
0.488898
0.497449
0.485449
0.512678
0.501627
0.496141
0.502010
0.481607
0.493880
0.489409
0.508979
0.505101
0.514912
0.510608
0.483869
0.485728
0.494005
0.506129
0.492814
0.504772
0.509830
0.502573
0.503782
0.486624
0.497676
0.466310
0.490711
0.478026
0.504394
0.518614
0.517612
0.502980
0.497965
0.500322
0.495732
0.500296
0.504992
0.515974
0.490310
0.490045
0.494026
0.500443
0.504812
0.488558
0.510284
0.509519
0.517912
0.499533
0.484328
0.483654
0.490882
0.497662
0.492488
0.510371
0.501948
0.506636
0.492491
0.517293
0.516486
0.512816
0.498843
0.508993
0.498306
0.494217
0.503948
0.512163
0.512525
0.479937
0.491771
0.499720
0.496707
0.491806
0.487453
0.505571
0.505421
0.515290
0.489420
0.496115
0.500944
0.505545
0.499824
0.510030
0.495261
0.501888
0.497859
0.500457
0.496462
0.486004
0.501413
0.503094
0.498715
0.485831
0.497821
0.512926
0.509163
0.487686
0.494282
0.492050
0.489270
0.499487
0.495286
0.493717
0.499793
0.496618
0.485276
0.506282
0.509716
0.502251
0.505645
0.498837
0.500514
0.503171
0.499967
0.481433
0.496993
0.492133
0.505818
0.502679
0.497979
0.484814
0.503583
0.497788
0.506094
0.504291
0.501973
0.496537
0.488814
0.503629
0.488260
0.497771
0.493060
0.490572
0.502699
0.500552
0.483809
0.501405
0.499150
0.501362
0.490017
0.503356
0.507924
0.493554
0.495253
0.491101
0.504306
0.502745
0.505997
0.498829
0.499001
0.496217
0.505857
0.507415
0.499109
0.503055
0.504145
0.493330
0.506930
0.503345
0.528540
0.490959
0.498521
0.493529
0.500788
0.515041
0.502111
0.503034
0.495728
0.498320
0.508169
0.510841
0.491346
0.503575
0.505454
0.494969
0.505192
0.500445
0.495293
0.512023
0.497587
0.503227
0.499379
0.508729
0.508459
0.497929
0.496684
0.500870
0.491375
0.506109
0.507015
0.501501
0.480425
0.487250
0.493493
0.495403
0.495328
0.497297
0.497880
0.498000
0.501123
0.486172
0.503122
0.512412
0.495070
0.507048
0.504346
0.510493
0.513190
0.500635
0.503509
0.505508
0.494021
0.501041
0.507950
0.499439
0.496275
0.503694
0.504773
0.512322
0.503047
0.526917
0.492734
0.494964
0.492235
0.487807
0.509261
0.491476
0.498965
0.502662
0.513230
0.502249
0.495992
0.503776
0.504588
0.491040
0.520261
0.503524
0.527132
0.495780
0.504646
0.474721
0.506880
0.492894
0.490916
0.506377
0.490321
0.490547
0.493251
0.520531
0.500112
0.499040
0.468641
0.497585
0.504927
0.505840
0.505374
0.485299
0.504839
0.495682
0.500595
0.509812
0.503243
0.495205
0.491917
0.510804
0.506680
0.497922
0.502848
0.496045
0.485601
0.489851
0.488511
0.507549
0.503219
0.485000
0.493709
0.512201
0.506841
0.490505
0.504283
0.497643
0.512975
0.503244
0.495513
0.505284
0.503989
0.491792
0.495302
0.503878
0.489837
0.495690
0.499441
0.499582
0.497382
0.502768
0.507057
0.485957
0.494004
0.510486
0.502017
0.519696
0.488457
0.506380
0.500366
0.511219
0.490773
0.487796
0.507179
0.495049
0.483548
0.503737
0.506192
0.506205
0.497802
0.499506
0.489106
0.493786
0.491459
0.502440
0.505285
0.499037
0.485270
0.505407
0.508817
0.511623
0.477571
0.485323
0.485302
0.495349
0.517543
0.485512
0.489073
0.509997
0.505456
0.496612
0.491859
0.502171
0.493639
0.494362
0.484383
0.491447
0.492965
0.517948
0.486153
0.498684
0.502522
0.522802
0.483218
0.499957
0.498199
0.481458
0.496991
0.486985
0.484079
0.498348
0.495845
0.499616
0.516524
0.512632
0.498188
0.515028
0.493786
0.494834
0.506640
0.504659
0.493789
0.504629
0.498304
0.507356
0.491428
0.498400
0.510487
0.493143
0.502633
0.499986
0.488013
0.497978
0.500063
0.503768
0.502008
0.519858
0.493792
0.496797
0.483733
0.522520
0.483762
0.499529
0.505433
0.506755
0.494617
0.496201
0.501272
0.515823
0.506551
0.516293
0.506655
0.502165
0.504081
0.495167
0.502722
0.481406
0.518089
0.502700
0.496916
0.514533
0.499407
0.511668
0.497985
0.502793
0.494494
0.508730
0.495937
0.501055
0.505744
0.482112
0.494565
0.505213
0.502394
0.492654
0.503080
0.487175
0.500733
0.509353
0.496787
0.482366
0.512115
0.501562
0.492498
0.512063
0.490027
0.497989
0.501675
0.508408
0.507605
0.488420
0.509227
0.507715
0.484318
0.493976
0.509196
0.490510
0.507362
0.503279
0.506376
0.498814
0.508220
0.483585
0.504066
0.517450
0.495513
0.499720
0.503409
0.496355
0.504522
0.506210
0.504190
0.482550
0.497766
0.491471
0.499917
0.507195
0.501116
0.501205
0.500916
0.492882
0.494045
0.500873
0.505615
0.504718
0.504167
0.503693
0.503929
0.482660
0.510045
0.504757
0.498179
0.508842
0.498322
0.509984
0.501760
0.513355
0.499064
0.513499
0.498012
0.496458
0.490542
0.501310
0.507231
0.501106
0.505533
0.506529
0.490437
0.497630
0.508017
0.512988
0.510699
0.490166
0.489023
0.521908
0.488877
0.500119
0.499688
0.512799
0.501630
0.493448
0.501347
0.497375
0.502847
0.491667
0.508354
0.497416
0.497237
0.494993
0.491550
0.501270
0.488557
0.508194
0.503927
0.495596
0.498449
0.504346
0.499879
0.494455
0.510683
0.489145
0.511506
0.518511
0.519892
0.514624
0.516524
0.504943
0.513111
0.509650
0.509581
0.502605
0.495411
0.514491
0.498989
0.490330
0.512955
0.494673
0.489522
0.506001
0.493585
0.510099
0.503402
0.502195
0.490822
0.501957
0.502578
0.513368
0.478971
0.503099
0.508977
0.489660
0.500216
0.488451
0.504622
0.507583
0.504137
0.509245
0.506180
0.496254
0.497609
0.521927
0.497213
0.505506
0.485750
0.487410
0.507372
0.495551
0.505168
0.503777
0.490816
0.492323
0.468293
0.490775
0.509696
0.494949
0.510947
0.507282
0.497135
0.511633
0.494087
0.514243
0.493423
0.513003
0.500712
0.499800
0.494856
0.501501
0.489649
0.496234
0.496322
0.503996
0.505987
0.488723
0.507139
0.488044
0.488431
0.501501
0.491553
0.500651
0.509919
0.499429
0.510691
0.499597
0.485160
0.488815
0.499636
0.501175
0.508097
0.497801
0.504047
0.488864
0.499716
0.500516
0.490714
0.502793
0.517916
0.501530
0.497239
0.510264
0.517024
0.502487
0.513450
0.518987
0.492020
0.497851
0.503820
0.491969
0.510375
0.493032
0.496614
0.492709
0.487056
0.507138
0.501824
0.504885
0.499131
0.501680
0.481116
0.496703
0.497910
0.488245
0.506981
0.517341
0.511455
0.492609
0.501432
0.514563
0.510966
0.497675
0.505319
0.497315
0.499440
0.506422
0.495860
0.507987
0.490795
0.497984
0.499320
0.486256
0.501531
0.498485
0.503030
0.489858
0.514786
0.498575
0.501305
0.492884
0.514953
0.492987
0.498389
0.512601
0.500893
0.504940
0.511015
0.516739
0.499444
0.493769
0.496810
0.496838
0.488825
0.498995
0.504787
0.517541
0.485482
0.504292
0.493065
0.499500
0.504851
0.497702
0.489010
0.493267
0.508405
0.487249
0.508755
0.508114
0.503327
0.504168
0.487116
0.486900
0.491479
0.514912
0.498493
0.500445
0.501981
0.508839
0.506900
0.512334
0.504229
0.507285
0.493878
0.500209
0.501537
0.483750
0.508785
0.505231
0.488617
0.499421
0.507335
0.492272
0.509659
0.492040
0.500329
0.492071
0.504566
0.515617
0.502614
0.515805
0.500371
0.494330
0.501506
0.481831
0.503085
0.511886
0.496764
0.502313
0.502179
0.491578
0.495910
0.500871
0.508543
0.501985
0.487692
0.510939
0.506715
0.498193
0.490373
0.479323
0.485534
0.493810
0.491228
0.511726
0.509841
0.477586
0.472541
0.495651
0.483710
0.484116
0.493631
0.499816
0.517140
0.485003
0.488991
0.509353
0.513677
0.486772
0.517749
0.495648
0.499853
0.500998
0.483198
0.514110
0.504257
0.495294
0.498963
0.511411
0.505266
0.509793
0.511444
0.493621
0.497221
0.493983
0.494566
0.512397
0.498345
0.499551
0.496396
0.512998
0.511708
0.494143
0.490277
0.498383
0.506017
0.493709
0.501065
0.504924
0.509663
0.516071
0.494046
0.504472
0.499941
0.496766
0.505665
0.509354
0.492516
0.495909
0.510097
0.505938
0.511921
0.503342
0.487707
0.501854
0.502263
0.493438
0.504625
0.487998
0.506600
0.493984
0.494818
0.491777
0.498902
0.512295
0.496922
0.505466
0.510869
0.509331
0.494976
0.505641
0.499368
0.514208
0.499896
0.507080
0.491490
0.510638
0.494559
0.489458
0.500245
0.497929
0.515996
0.493369
0.501378
0.504603
0.501785
0.491984
0.498399
0.507471
0.502776
0.508986
0.501459
0.491515
0.514977
0.509744
0.500431
0.492755
0.497561
0.493135
0.500836
0.514556
0.499819
0.502527
0.512503
0.492264
0.513836
0.495944
0.506274
0.503113
0.512411
0.502997
0.496165
0.502936
0.510891
0.504240
0.513942
0.499144
0.492568
0.503140
0.508988
0.487659
0.502647
0.500523
0.509061
0.498247
0.503334
0.507795
0.506804
0.512311
0.496581
0.504910
0.516170
0.480999
0.493949
0.501714
0.493861
0.500939
0.494735
0.499476
0.495962
0.491670
0.506316
0.490430
0.506878
0.508315
0.507468
0.504744
0.505320
0.512452
0.507076
0.497509
0.495894
0.495306
0.508137
0.493037
0.495840
0.500546
0.495406
0.514710
0.511463
0.492584
0.512546
0.494546
0.506456
0.502110
0.512148
0.510064
0.501167
0.498193
0.504617
0.498490
0.491010
0.508302
0.493105
0.486332
0.501783
0.494314
0.489899
0.514143
0.501401
0.491400
0.508531
0.483438
0.509130
0.506901
0.491353
0.510759
0.490588
0.508221
0.490142
0.491246
0.490324
0.496391
0.495621
0.490649
0.484116
0.492705
0.492957
0.496533
0.501164
0.507775
0.489674
0.508590
0.506451
0.498270
0.507733
0.508208
0.502294
0.494236
0.516103
0.515300
0.504470
0.509128
0.503823
0.512250
0.505949
0.502660
0.516527
0.487298
0.497626
0.490882
0.497131
0.507804
0.508034
0.490648
0.497662
0.482107
0.501060
0.486172
0.502782
0.502308
0.494110
0.503662
0.501736
0.505768
0.498650
0.489044
0.503818
0.493417
0.491252
0.478888
0.485255
0.520698
0.490661
0.511216
0.497062
0.514271
0.500946
0.499372
0.491278
0.514739
0.501613
0.504709
0.498583
0.511368
0.503883
0.491664
0.487457
0.490436
0.504827
0.515148
0.498078
0.497314
0.493392
0.495746
0.501396
0.478403
0.497442
0.483417
0.506895
0.505220
0.524968
0.505607
0.504212
0.502991
0.498353
0.515973
0.501901
0.514206
0.507872
0.509309
0.491481
0.499312
0.507244
0.496104
0.494912
0.497997
0.499093
0.503700
0.492128
0.486285
0.519930
0.504539
0.501311
0.498495
0.493283
0.509843
0.508188
0.498125
0.512859
0.479708
0.496841
0.499392
0.494056
0.499399
0.505997
0.482089
0.503575
0.492501
0.515456
0.501919
0.501718
0.513627
0.515836
0.490390
0.501427
0.505794
0.504993
0.485210
0.498605
0.514457
0.489168
0.496528
0.500445
0.511774
0.500109
0.500558
0.499633
0.494994
0.506273
0.495239
0.496695
0.507832
0.485895
0.509923
0.495186
0.507381
0.502067
0.492447
0.507876
0.499467
0.496063
0.510227
0.507362
0.500148
0.499302
0.499048
0.505160
0.517113
0.493724
0.494781
0.506263
0.477897
0.515279
0.504944
0.500286
0.495197
0.503605
0.496879
0.502574
0.509802
0.500053
0.504159
0.497184
0.516435
0.490753
0.500504
0.494712
0.501815
0.513052
0.502367
0.500013
0.498243
0.500741
0.504692
0.493159
0.506482
0.511269
0.494656
0.501830
0.504460
0.512594
0.491116
0.497717
0.483778
0.498337
0.518316
0.491092
0.506867
0.506946
0.488704
0.479652
0.512765
0.498201
0.489581
0.498736
0.514376
0.505956
0.491565
0.490877
0.490789
0.495678
0.501479
0.498410
0.491750
0.506445
0.495402
0.487100
0.503282
0.517408
0.507933
0.499398
0.491829
0.507479
0.505862
0.492345
0.491017
0.497626
0.500552
0.487376
0.496302
0.491670
0.506258
0.480112
0.492108
0.494285
0.486537
0.506405
0.505703
0.494854
0.495249
0.511623
0.495148
0.498038
0.495990
0.514010
0.486940
0.480401
0.501721
0.519265
0.502121
0.481298
0.489026
0.487021
0.500390
0.496880
0.477816
0.484430
0.501133
0.487631
0.479833
0.486759
0.487096
0.503495
0.509164
0.509133
0.509370
0.496812
0.516052
0.496302
0.500157
0.490852
0.513659
0.496359
0.488745
0.498181
0.494836
0.488877
0.504563
0.490411
0.507651
0.481594
0.499542
0.482068
0.512814
0.499785
0.505393
0.507738
0.479361
0.507704
0.519529
0.492864
0.519606
0.497547
0.497492
0.492106
0.508631
0.482954
0.507304
0.492013
0.510239
0.496348
0.490430
0.500747
0.503519
0.504490
0.480124
0.493204
0.491516
0.509281
0.501439
0.498625
0.491621
0.490385
0.501884
0.497949
0.506142
0.498938
0.498625
0.508728
0.506894
0.507048
0.486439
0.491709
0.498993
0.511886
0.477986
0.511523
0.507810
0.489351
0.485462
0.505439
0.478982
0.503332
0.501366
0.499828
0.506489
0.503512
0.497210
0.489342
0.504484
0.509676
0.487130
0.509328
0.481385
0.498367
0.511744
0.516109
0.490849
0.492413
0.497842
0.489308
0.506359
0.500373
0.497046
0.503853
0.498943
0.493359
0.496912
0.506795
0.485034
0.499236
0.499997
0.490776
0.490485
0.485334
0.492770
0.516755
0.491458
0.508835
0.485605
0.481035
0.495903
0.497453
0.510916
0.513854
0.496024
0.498514
0.511306
0.491981
0.508469
0.510437
0.490716
0.512582
0.498180
0.491219
0.489328
0.511207
0.489697
0.499416
0.521634
0.487183
0.500389
0.512727
0.507914
0.499916
0.492674
0.512300
0.503388
0.484167
0.507076
0.515767
0.492557
0.494261
0.504032
0.491440
0.514028
0.519335
0.505731
0.516072
0.497692
0.488798
0.488669
0.486180
0.509005
0.491499
0.498544
0.498108
0.499843
0.501801
0.492344
0.501802
0.509451
0.473431
0.506371
0.496611
0.512860
0.493626
0.495893
0.510645
0.500708
0.500906
0.497631
0.518215
0.501079
0.493461
0.501542
0.521527
0.491767
0.503132
0.499777
0.500468
0.493550
0.496437
0.495125
0.494308
0.504873
0.511026
0.497055
0.517151
0.499802
0.502254
0.499102
0.500205
0.495676
0.503164
0.507512
0.507569
0.504350
0.509580
0.493705
0.505625
0.496273
0.504030
0.486894
0.500876
0.494675
0.495763
0.506581
0.504326
0.493775
0.493258
0.500993
0.489812
0.501749
0.496608
0.502154
0.483959
0.482869
0.518192
0.500414
0.496733
0.501514
0.512887
0.503384
0.510736
0.486969
0.504135
0.516877
0.507166
0.493976
0.517230
0.505744
0.487355
0.490515
0.501210
0.509033
0.503431
0.495834
0.499491
0.499276
0.498259
0.504265
0.489393
0.480823
0.491200
0.506127
0.514917
0.499795
0.517490
0.486940
0.492623
0.502726
0.508410
0.498026
0.505459
0.479194
0.492905
0.502030
0.498450
0.514534
0.503911
0.506446
0.512180
0.506455
0.492206
0.496790
0.525958
0.507602
0.496234
0.501226
0.519819
0.500769
0.494473
0.503928
0.507743
0.492019
0.497668
0.490013
0.492209
0.502853
0.494252
0.496378
0.501289
0.507935
0.498291
0.496972
0.510598
0.473132
0.499801
0.505764
0.490689
0.492957
0.501873
0.509953
0.503851
0.512187
0.495889
0.503672
0.494173
0.497295
0.488394
0.503619
0.503443
0.497231
0.515829
0.495781
0.513378
0.506531
0.491684
0.498884
0.493227
0.507550
0.499107
0.506109
0.502183
0.483770
0.499550
0.490144
0.500432
0.483763
0.500278
0.505196
0.487839
0.502842
0.508631
0.497492
0.493906
0.509244
0.486058
0.500835
0.502356
0.506872
0.491317
0.501445
0.496733
0.495232
0.496309
0.494784
0.485402
0.511524
0.504948
0.499714
0.516561
0.497772
0.496172
0.490695
0.493088
0.493782
0.519898
0.504397
0.515746
0.493879
0.509921
0.510436
0.502283
0.507365
0.520205
0.498003
0.501488
0.496334
0.492966
0.485007
0.498451
0.493816
0.507046
0.489677
0.498355
0.490635
0.487071
0.508865
0.485213
0.493601
0.507490
0.499521
0.491182
0.492545
0.485407
0.498158
0.490871
0.497657
0.512079
0.503781
0.481135
0.501524
0.510860
0.490884
0.499865
0.507935
0.504734
0.484176
0.497973
0.517988
0.498693
0.495278
0.497057
0.501029
0.492583
0.500314
0.490264
0.503784
0.503673
0.481856
0.499299
0.496491
0.502440
0.500963
0.504509
0.498877
0.508067
0.504555
0.503832
0.494125
0.497126
0.483036
0.505789
0.497199
0.502788
0.514204
0.501703
0.513487
0.490471
0.501536
0.507397
0.507426
0.506078
0.497604
0.493098
0.507295
0.510385
0.505108
0.509966
0.490930
0.509074
0.506705
0.500452
0.491633
0.482457
0.493881
0.494553
0.487252
0.507550
0.497934
0.500829
0.504944
0.498652
0.496014
0.500124
0.509793
0.491022
0.507765
0.491203
0.505400
0.509967
0.507311
0.492342
0.500267
0.501420
0.486836
0.483385
0.488961
0.489832
0.488016
0.507559
0.504230
0.487578
0.518162
0.498087
0.502752
0.491417
0.504219
0.508200
0.502662
0.505655
0.490573
0.507235
0.520383
0.518259
0.489509
0.508592
0.494380
0.492686
0.511111
0.511664
0.495920
0.491769
0.510086
0.498649
0.497062
0.501954
0.497044
0.505493
0.503714
0.496419
0.498138
0.495767
0.498499
0.507369
0.499691
0.494360
0.503603
0.485190
0.488232
0.502481
0.501650
0.505572
0.499470
0.506679
0.493377
0.506843
0.494332
0.501540
0.500591
0.496499
0.497546
0.489389
0.488026
0.506894
0.503137
0.504642
0.499800
0.483126
0.495423
0.494854
0.500490
0.502744
0.495694
0.492952
0.487239
0.511944
0.493291
0.510194
0.500590
0.512794
0.514176
0.495989
0.510565
0.488465
0.501512
0.480774
0.482424
0.502509
0.505865
0.508090
0.510724
0.506291
0.496971
0.509884
0.505605
0.490939
0.504856
0.494211
0.501325
0.498704
0.502210
0.484267
0.493406
0.500988
0.511409
0.499302
0.499975
0.502346
0.498755
0.527224
0.512968
0.499514
0.510125
0.499353
0.513859
0.501660
0.489334
0.501443
0.513325
0.480629
0.499878
0.515991
0.497482
0.499658
0.500170
0.508811
0.504101
0.506368
0.494535
0.502719
0.491367
0.498591
0.493252
0.487131
0.478961
0.493390
0.506249
0.498921
0.497891
0.487651
0.499513
0.499659
0.509849
0.501507
0.499408
0.505666
0.489529
0.509965
0.508805
0.485559
0.493620
0.507857
0.501915
0.477059
0.502373
0.504804
0.502370
0.509662
0.491496
0.511735
0.486632
0.511111
0.499526
0.491909
0.487882
0.504878
0.501233
0.491967
0.493312
0.515959
0.498919
0.495025
0.508195
0.500956
0.481487
0.502421
0.499280
0.501558
0.496365
0.496817
0.491630
0.497277
0.503608
0.507334
0.498115
0.516997
0.501778
0.503546
0.501450
0.501640
0.491825
0.502288
0.486741
0.502284
0.497378
0.487884
0.497368
0.490166
0.504863
0.498765
0.495328
0.508021
0.501521
0.504990
0.514487
0.510494
0.508352
0.486266
0.502818
0.499711
0.500418
0.506621
0.489272
0.496603
0.493372
0.492504
0.506594
0.507048
0.492038
0.492491
0.499744
0.486447
0.508855
0.509784
0.494605
0.506049
0.496081
0.494273
0.505392
0.500861
0.494419
0.502107
0.498547
0.501951
0.497042
0.518029
0.508555
0.485555
0.502766
0.507106
0.487190
0.500061
0.504593
0.505422
0.503100
0.496151
0.486738
0.492444
0.499649
0.504822
0.491707
0.503710
0.492214
0.498516
0.505427
0.497434
0.488843
0.511413
0.521147
0.508514
0.490773
0.506887
0.512037
0.487599
0.495016
0.495865
0.505698
0.496193
0.493621
0.491226
0.504402
0.498009
0.494324
0.502120
0.500567
0.497120
0.499272
0.509995
0.491503
0.501896
0.491351
0.480914
0.500798
0.503742
0.510630
0.485190
0.496982
0.497055
0.499808
0.511617
0.487985
0.511039
0.493864
0.490011
0.495633
0.508093
0.501402
0.506231
0.506890
0.498300
0.499334
0.484124
0.507087
0.498661
0.497667
0.498995
0.508979
0.504201
0.498699
0.498383
0.480642
0.501466
0.500682
0.509311
0.488933
0.488183
0.496956
0.502558
0.515842
0.486541
0.507502
0.501267
0.504490
0.504682
0.498046
0.501497
0.504733
0.491958
0.510780
0.496332
0.513214
0.495215
0.491865
0.509484
0.507455
0.499670
0.487999
0.514724
0.500039
0.489760
0.474671
0.493765
0.516673
0.506960
0.499470
0.485344
0.503855
0.502966
0.520058
0.504350
0.506668
0.515076
0.503193
0.505324
0.506104
0.513989
0.504788
0.490983
0.486924
0.496473
0.519621
0.520400
0.489411
0.497896
0.497259
0.497072
0.489596
0.494824
0.505706
0.498666
0.513101
0.499891
0.499400
0.491792
0.487816
0.500695
0.496948
0.477861
0.496400
0.513042
0.497310
0.511880
0.498619
0.496905
0.501265
0.491527
0.495456
0.497497
0.502142
0.493455
0.515602
0.514793
0.508117
0.513051
0.515090
0.499902
0.509413
0.488585
0.484428
0.513800
0.496463
0.496427
0.490218
0.496587
0.498339
0.505482
0.497585
0.478714
0.493412
0.505173
0.497898
0.505214
0.503790
0.503909
0.492537
0.502870
0.491293
0.502739
0.513077
0.491639
0.499899
0.506490
0.492235
0.493239
0.502678
0.485715
0.501452
0.503113
0.486505
0.514697
0.488678
0.487502
0.499370
0.499899
0.488279
0.503509
0.483201
0.481374
0.494427
0.491795
0.499686
0.502665
0.497402
0.497663
0.483347
0.509780
0.510476
0.489511
0.499564
0.508944
0.484324
0.496844
0.502026
0.496292
0.494394
0.485621
0.513746
0.509911
0.502195
0.483222
0.507708
0.484815
0.501309
0.515762
0.508076
0.493919
0.480511
0.498937
0.516190
0.505246
0.497857
0.511494
0.499858
0.499549
0.493611
0.502027
0.507118
0.501944
0.503968
0.490537
0.494764
0.506413
0.492921
0.509233
0.497021
0.500277
0.492930
0.509339
0.493707
0.494698
0.485875
0.508903
0.486006
0.492691
0.503958
0.499438
0.505081
0.513967
0.493185
0.493510
0.505884
0.499261
0.493915
0.503246
0.494196
0.494245
0.498477
0.490343
0.497651
0.494842
0.512279
0.482953
0.494422
0.500295
0.503545
0.504524
0.488995
0.485957
0.480698
0.482249
0.494857
0.494738
0.512224
0.482434
0.494716
0.506888
0.511295
0.503240
0.507367
0.506997
0.480464
0.496158
0.500634
0.479709
0.487950
0.498835
0.499462
0.508595
0.493585
0.499846
0.505120
0.492997
0.498130
0.501887
0.500434
0.493544
0.491267
0.501554
0.492997
0.518311
0.493769
0.513592
0.480964
0.494661
0.484726
0.504139
0.490291
0.510551
0.493762
0.503063
0.495150
0.504553
0.500187
0.501313
0.499539
0.497927
0.514186
0.494877
0.513978
0.501471
0.500768
0.503689
0.504881
0.493527
0.495747
0.495202
0.502346
0.486358
0.500078
0.510715
0.502661
0.507948
0.481762
0.510791
0.517368
0.499176
0.503493
0.519005
0.514302
0.514708
0.503482
0.511235
0.481642
0.494323
0.514044
0.501314
0.510064
0.501948
0.512824
0.491150
0.505420
0.494676
0.512617
0.503564
0.496003
0.503831
0.500964
0.485263
0.499323
0.498146
0.501130
0.507198
0.486819
0.507019
0.506279
0.493852
0.494742
0.506225
0.501925
0.495928
0.505549
0.491192
0.498481
0.497469
0.495754
0.501701
0.503329
0.499044
0.493194
0.492800
0.503037
0.490171
0.502386
0.487648
0.500173
0.505686
0.495829
0.497643
0.490792
0.511152
0.513869
0.499794
0.505787
0.499932
0.484435
0.502747
0.506370
0.495074
0.489743
0.478961
0.498378
0.499510
0.508464
0.497775
0.500022
0.509543
0.499287
0.508251
0.496184
0.499415
0.498323
0.505696
0.495793
0.507711
0.493973
0.503822
0.511332
0.481113
0.505875
0.505540
0.510511
0.502410
0.490673
0.508414
0.493616
0.498181
0.502891
0.485218
0.509243
0.496183
0.501433
0.501537
0.506681
0.495710
0.489087
0.492044
0.514913
0.509901
0.499963
0.485654
0.505347
0.502777
0.496684
0.488148
0.511305
0.484984
0.507731
0.498194
0.502843
0.487118
0.499795
0.492387
0.494475
0.486716
0.509951
0.497336
0.496831
0.521127
0.500264
0.497352
0.468984
0.502232
0.500057
0.505723
0.495932
0.489532
0.488490
0.507127
0.490390
0.502616
0.489179
0.501816
0.496437
0.515886
0.495037
0.500097
0.506881
0.480255
0.497949
0.497228
0.491561
0.504600
0.494948
0.507428
0.506719
0.500219
0.490085
0.500790
0.493550
0.493198
0.503619
0.497970
0.510098
0.494649
0.501286
0.493046
0.488483
0.494143
0.490654
0.503112
0.487559
0.497851
0.499602
0.497606
0.496080
0.499870
0.504697
0.490901
0.491028
0.506116
0.490911
0.502257
0.500069
0.491742
0.497103
0.517136
0.495923
0.481251
0.506238
0.505322
0.514746
0.504570
0.494895
0.504831
0.499385
0.510579
0.493017
0.493341
0.503521
0.500466
0.507597
0.500852
0.511088
0.503818
0.495978
0.503116
0.491618
0.496734
0.499257
0.486496
0.493553
0.481923
0.503542
0.495540
0.494222
0.497777
0.498403
0.504485
0.482170
0.490555
0.483988
0.499600
0.492966
0.493563
0.486669
0.505230
0.508497
0.484663
0.508646
0.511015
0.514021
0.489860
0.504298
0.498818
0.494407
0.499263
0.500679
0.508756
0.506804
0.488550
0.513348
0.495965
0.502356
0.506325
0.493877
0.496218
0.499050
0.523153
0.502729
0.500503
0.510555
0.506910
0.495154
0.504036
0.499884
0.492660
0.485258
0.490148
0.496735
0.493917
0.502166
0.512781
0.504204
0.489434
0.505661
0.488937
0.509488
0.499321
0.509771
0.496174
0.499666
0.487475
0.506882
0.483986
0.496071
0.498971
0.488296
0.523259
0.497866
0.503990
0.519777
0.501838
0.494449
0.509165
0.495622
0.493710
0.501851
0.504262
0.507163
0.513391
0.502141
0.503578
0.512210
0.492644
0.498718
0.494649
0.500243
0.484590
0.511754
0.507641
0.518802
0.501621
0.493300
0.487798
0.508201
0.497370
0.505537
0.503635
0.482246
0.514686
0.506080
0.491782
0.495904
0.494400
0.504729
0.492585
0.484680
0.500129
0.501351
0.503475
0.498475
0.495649
0.504729
0.507148
0.512440
0.491119
0.494439
0.475861
0.495422
0.506235
0.509826
0.521510
0.508242
0.500249
0.508534
0.512076
0.503687
0.510882
0.502641
0.497876
0.491055
0.491645
0.510381
0.505966
0.507019
0.506268
0.511238
0.491200
0.496548
0.504061
0.496101
0.496382
0.508195
0.492380
0.510521
0.495241
0.507998
0.487359
0.495492
0.491878
0.512774
0.495382
0.490819
0.509966
0.496498
0.501589
0.497108
0.492326
0.510765
0.509506
0.499073
0.485388
0.499299
0.498764
0.501384
0.504506
0.495879
0.506734
0.505543
0.488044
0.508353
0.476440
0.495882
0.498381
0.498485
0.515077
0.502213
0.494473
0.501160
0.507454
0.492780
0.496781
0.491254
0.508136
0.495908
0.498832
0.509294
0.489041
0.507137
0.488306
0.502037
0.502891
0.506673
0.509510
0.507534
0.507097
0.497540
0.510713
0.498614
0.513737
0.495888
0.500242
0.495055
0.511874
0.499979
0.491533
0.504947
0.492974
0.487753
0.507140
0.513919
0.498224
0.491631
0.487510
0.505342
0.502882
0.493479
0.493054
0.500516
0.488926
0.494428
0.505183
0.509836
0.506311
0.493889
0.498036
0.517235
0.501380
0.503248
0.504625
0.491641
0.492161
0.499364
0.510831
0.511076
0.500954
0.505020
0.511698
0.499579
0.507634
0.494243
0.501025
0.499386
0.503899
0.511980
0.487406
0.506991
0.512420
0.511310
0.502977
0.503214
0.493438
0.497755
0.492057
0.519193
0.502287
0.508578
0.500779
0.529358
0.485826
0.500410
0.511124
0.495150
0.489803
0.498737
0.499465
0.493602
0.511692
0.485259
0.488984
0.500100
0.508305
0.489149
0.496789
0.490479
0.502332
0.505786
0.504473
0.492260
0.489083
0.500566
0.490186
0.488483
0.497834
0.495824
0.492786
0.493999
0.516125
0.498258
0.512292
0.515881
0.487866
0.501180
0.496809
0.504091
0.509945
0.507514
0.500840
0.500802
0.506836
0.503572
0.504167
0.501949
0.495724
0.493279
0.504407
0.502560
0.497257
0.503318
0.492323
0.506236
0.510955
0.495549
0.492386
0.480801
0.504951
0.488182
0.489856
0.495247
0.507495
0.499544
0.483096
0.485130
0.490418
0.501064
0.494111
0.479880
0.496633
0.498835
0.499348
0.507039
0.491515
0.500297
0.498680
0.507346
0.485840
0.501190
0.507883
0.496775
0.503241
0.493300
0.492579
0.491567
0.502651
0.501295
0.513061
0.506582
0.504830
0.512185
0.501350
0.505923
0.486659
0.498953
0.511658
0.498805
0.502665
0.490639
0.503928
0.493239
0.510925
0.512399
0.490223
0.506353
0.506063
0.509167
0.487547
0.512148
0.510275
0.512172
0.485151
0.524600
0.504650
0.512119
0.504782
0.497646
0.487836
0.492639
0.497175
0.499212
0.494379
0.501755
0.497153
0.498116
0.499149
0.481701
0.512215
0.494377
0.502407
0.499522
0.491672
0.489771
0.490434
0.494568
0.493789
0.484445
0.499022
0.478818
0.513597
0.499753
0.513686
0.496229
0.487923
0.511145
0.505195
0.494351
0.510093
0.500960
0.502154
0.493713
0.494463
0.493616
0.499735
0.501040
0.491930
0.498353
0.497345
0.503007
0.503778
0.500029
0.505262
0.508878
0.493765
0.505762
0.500905
0.486233
0.500107
0.494483
0.504329
0.495358
0.500841
0.506517
0.482996
0.492637
0.509885
0.493398
0.492288
0.509547
0.500185
0.508745
0.495993
0.500689
0.496620
0.495242
0.500898
0.499011
0.495324
0.512842
0.488881
0.496483
0.508016
0.504095
0.511679
0.494313
0.507626
0.505978
0.488356
0.502784
0.495132
0.504447
0.494900
0.484477
0.503730
0.509059
0.502991
0.509544
0.489041
0.501189
0.500835
0.497297
0.497629
0.494662
0.501925
0.496593
0.489057
0.503054
0.499980
0.491713
0.500446
0.494963
0.499757
0.500708
0.495366
0.491355
0.510159
0.496107
0.507827
0.502730
0.490064
0.495762
0.508902
0.493732
0.501903
0.492570
0.508764
0.498828
0.486932
0.502041
0.505648
0.492648
0.490070
0.491592
0.496744
0.503473
0.486394
0.504462
0.521478
0.507876
0.510798
0.496877
0.508034
0.496148
0.493583
0.485258
0.507453
0.484571
0.495450
0.498549
0.496642
0.506093
0.497028
0.496599
0.464021
0.513444
0.502742
0.508040
0.496690
0.508046
0.489378
0.505104
0.512281
0.497767
0.487793
0.500366
0.485819
0.506236
0.493118
0.488412
0.516683
0.498236
0.503298
0.493373
0.478480
0.508215
0.490762
0.495641
0.509755
0.502300
0.512747
0.497681
0.508322
0.482971
0.502468
0.499343
0.496622
0.496304
0.494012
0.497286
0.496724
0.484827
0.487645
0.500955
0.511261
0.499821
0.493258
0.509422
0.490569
0.489768
0.514345
0.498668
0.486478
0.491368
0.482043
0.497915
0.508067
0.501800
0.506576
0.517135
0.494840
0.485192
0.494983
0.505189
0.493287
0.512530
0.501802
0.504267
0.478731
0.504934
0.505732
0.493603
0.515839
0.492199
0.498638
0.501598
0.500864
0.491717
0.500130
0.487439
0.517382
0.506497
0.500107
0.510682
0.481857
0.494259
0.501185
0.509715
0.516697
0.506329
0.492972
0.498409
0.498697
0.501814
0.504349
0.495797
0.481714
0.496900
0.515620
0.503151
0.491916
0.501492
0.502756
0.513721
0.505674
0.523411
0.500025
0.500130
0.500261
0.478260
0.493865
0.507833
0.497975
0.499573
0.511985
0.487261
0.505347
0.503707
0.520367
0.502715
0.480257
0.513200
0.495839
0.511882
0.489365
0.492715
0.510165
0.502580
0.496511
0.491162
0.499837
0.509136
0.494465
0.509800
0.474567
0.489531
0.496427
0.501859
0.514965
0.489265
0.507718
0.515656
0.493316
0.511925
0.512529
0.509919
0.503929
0.505277
0.499069
0.492529
0.503254
0.500996
0.489587
0.503451
0.479785
0.510252
0.500211
0.502436
0.500291
0.484008
0.488995
0.508733
0.486476
0.510018
0.504258
0.513192
0.490867
0.495345
0.500115
0.493208
0.499612
0.494284
0.496790
0.495508
0.494436
0.491284
0.504966
0.510433
0.516700
0.501676
0.488115
0.498808
0.511825
0.497104
0.490346
0.497996
0.490908
0.495414
0.486784
0.498736
0.490255
0.504151
0.496379
0.508931
0.499261
0.490800
0.488967
0.501694
0.513791
0.498500
0.496024
0.486188
0.506242
0.513498
0.495862
0.497279
0.484159
0.488126
0.519881
0.515754
0.519223
0.502382
0.492665
0.501803
0.512139
0.512090
0.492794
0.503005
0.490878
0.499410
0.510577
0.491496
0.516608
0.498410
0.505513
0.486492
0.517864
0.486756
0.508446
0.493150
0.509758
0.498515
0.505814
0.492478
0.489077
0.507552
0.514991
0.500961
0.498301
0.497766
0.483652
0.493544
0.499506
0.487891
0.501506
0.506665
0.521253
0.496125
0.503295
0.492742
0.506577
0.494420
0.487894
0.501728
0.504222
0.480066
0.523318
0.491607
0.493444
0.494637
0.505740
0.509826
0.504356
0.494264
0.488792
0.503136
0.496111
0.501625
0.493904
0.518615
0.506554
0.502595
0.482520
0.495907
0.497265
0.504772
0.495323
0.504140
0.507377
0.501040
0.492139
0.486801
0.510959
0.495676
0.493811
0.495944
0.493130
0.490755
0.500865
0.507537
0.490627
0.518231
0.501964
0.493644
0.505494
0.498580
0.508979
0.515399
0.483249
0.496417
0.499367
0.514403
0.503260
0.512462
0.488505
0.490559
0.499797
0.480416
0.503866
0.498554
0.501628
0.515084
0.499809
0.502684
0.491311
0.506511
0.504294
0.510700
0.508903
0.501325
0.514929
0.493835
0.502662
0.497774
0.506702
0.488196
0.485426
0.506140
0.497990
0.486623
0.479804
0.506675
0.487560
0.515067
0.503700
0.503611
0.508656
0.500470
0.514615
0.502925
0.506995
0.503210
0.515203
0.492465
0.489764
0.499011
0.498873
0.498718
0.490487
0.506465
0.508882
0.491869
0.503388
0.508748
0.504540
0.505105
0.501013
0.507160
0.484569
0.502827
0.490594
0.506785
0.491684
0.487456
0.502847
0.493849
0.476323
0.509766
0.489564
0.502002
0.494039
0.511399
0.491426
0.491427
0.503092
0.484857
0.493143
0.507766
0.513500
0.495571
0.514736
0.496185
0.502863
0.500401
0.505928
0.510536
0.499586
0.508433
0.511822
0.516937
0.518590
0.490955
0.503551
0.500948
0.500855
0.500060
0.505927
0.487159
0.508134
0.501092
0.495540
0.492661
0.490983
0.498865
0.512144
0.504106
0.499480
0.498905
0.488688
0.514428
0.509779
0.501478
0.514193
0.484431
0.498681
0.498780
0.490190
0.492842
0.491823
0.509777
0.491950
0.502439
0.484113
0.497585
0.504037
0.499350
0.509202
0.497869
0.484145
0.489930
0.485828
0.482994
0.501375
0.516792
0.494317
0.498006
0.495503
0.495064
0.477689
0.492949
0.494043
0.498741
0.518329
0.487586
0.507433
0.496556
0.509846
0.478620
0.490794
0.499474
0.497849
0.504097
0.502194
0.507964
0.504470
0.494377
0.503554
0.502733
0.505781
0.495483
0.494683
0.508094
0.487648
0.516852
0.502254
0.515087
0.494978
0.504186
0.495728
0.505048
0.496282
0.499713
0.489682
0.482819
0.503843
0.504139
0.495821
0.493310
0.499597
0.501410
0.497236
0.485715
0.490918
0.487563
0.509564
0.510496
0.491609
0.500941
0.495635
0.491700
0.486067
0.496054
0.505095
0.501403
0.483714
0.491391
0.486058
0.493795
0.489867
0.505079
0.500307
0.511610
0.515946
0.526720
0.511603
0.499247
0.510970
0.496379
0.493591
0.506653
0.498113
0.500721
0.513895
0.492865
0.502539
0.508083
0.484979
0.500179
0.498440
0.495336
0.508311
0.506480
0.499212
0.505637
0.498886
0.506559
0.489390
0.502843
0.507841
0.505834
0.488874
0.523250
0.505320
0.490540
0.498167
0.509425
0.491037
0.495957
0.495183
0.498397
0.491526
0.505673
0.481485
0.515254
0.495235
0.508370
0.508848
0.496761
0.504722
0.474980
0.497168
0.493783
0.513318
0.499166
0.509581
0.490611
0.503223
0.505405
0.503530
0.496634
0.502138
0.497002
0.497113
0.488206
0.480811
0.512284
0.493039
0.500584
0.490725
0.502559
0.505828
0.496865
0.501868
0.506391
0.494647
0.495654
0.506993
0.483117
0.493215
0.512356
0.501538
0.502409
0.510790
0.474974
0.497818
0.516198
0.515168
0.502545
0.504601
0.501886
0.507170
0.500229
0.486641
0.498536
0.508180
0.497868
0.488238
0.501718
0.502657
0.503842
0.507973
0.500356
0.512510
0.504755
0.496157
0.507825
0.478530
0.494744
0.509919
0.518427
0.493901
0.511046
0.516134
0.512709
0.494645
0.509556
0.506940
0.499769
0.498251
0.493558
0.499366
0.504675
0.502660
0.502291
0.496342
0.490475
0.492388
0.492058
0.494777
0.505492
0.485622
0.504762
0.502662
0.496328
0.487375
0.522039
0.493099
0.500054
0.486426
0.517519
0.505303
0.494386
0.510982
0.504591
0.511852
0.475572
0.507709
0.486341
0.513126
0.512121
0.494344
0.499198
0.506311
0.497974
0.513050
0.476335
0.506264
0.494317
0.497592
0.506005
0.499923
0.508110
0.502730
0.506748
0.497532
0.528412
0.496738
0.484794
0.489698
0.501719
0.512015
0.503600
0.491453
0.502764
0.514082
0.478628
0.511594
0.500696
0.503018
0.488808
0.489898
0.487042
0.503293
0.502471
0.499236
0.510489
0.504221
0.500785
0.500928
0.506719
0.510169
0.513692
0.497790
0.513966
0.491822
0.487900
0.495071
0.500959
0.478058
0.492173
0.517850
0.498300
0.493424
0.505967
0.486538
0.500028
0.516027
0.487167
0.505654
0.519800
0.484998
0.499282
0.484552
0.499755
0.506909
0.495318
0.502148
0.505582
0.470841
0.500716
0.496694
0.496269
0.494411
0.504950
0.493241
0.505616
0.495967
0.513636
0.500054
0.518280
0.511682
0.515986
0.508409
0.502250
0.495789
0.499547
0.497355
0.504436
0.487133
0.479996
0.523531
0.514821
0.498729
0.505907
0.533251
0.494597
0.496351
0.513956
0.511812
0.510716
0.486519
0.491047
0.485354
0.508815
0.488961
0.500178
0.500142
0.487839
0.504960
0.491826
0.506336
0.495672
0.491082
0.509534
0.490785
0.505924
0.497583
0.490959
0.511865
0.503409
0.496849
0.508141
0.501346
0.484671
0.489231
0.490190
0.497458
0.494246
0.486830
0.500418
0.497610
0.510911
0.499463
0.487460
0.508220
0.509364
0.510206
0.508589
0.500342
0.486892
0.487693
0.509951
0.487782
0.507306
0.523473
0.496668
0.477625
0.509097
0.497226
0.501972
0.487200
0.506935
0.503610
0.502190
0.507759
0.497896
0.493815
0.498602
0.519181
0.504020
0.507459
0.490196
0.508635
0.497752
0.492402
0.491716
0.521513
0.492264
0.483473
0.490784
0.509861
0.498743
0.490201
0.490337
0.481956
0.502228
0.504756
0.512213
0.505866
0.511671
0.483270
0.491318
0.497275
0.486469
0.503433
0.497624
0.511832
0.508576
0.499543
0.490495
0.509431
0.501525
0.510601
0.493614
0.498790
0.487029
0.493445
0.494344
0.497329
0.509859
0.494246
0.499099
0.506395
0.510806
0.492277
0.493002
0.502059
0.506220
0.507538
0.492034
0.493193
0.511209
0.494316
0.518179
0.488215
0.502292
0.474055
0.489594
0.501400
0.481480
0.485826
0.501135
0.502132
0.496965
0.485001
0.503437
0.503681
0.511222
0.487506
0.495175
0.486235
0.507788
0.497072
0.513901
0.498735
0.506943
0.502796
0.502789
0.513091
0.505660
0.509379
0.500246
0.513519
0.495784
0.511285
0.503645
0.504916
0.518737
0.504792
0.510812
0.508292
0.504430
0.488414
0.503848
0.490319
0.502223
0.492941
0.491708
0.494654
0.495534
0.486489
0.497330
0.504830
0.501731
0.518519
0.496874
0.501590
0.509766
0.487280
0.526407
0.497211
0.489933
0.502686
0.493937
0.509343
0.513722
0.500602
0.507165
0.484325
0.493106
0.503548
0.502061
0.517423
0.506974
0.485198
0.499244
0.492465
0.498246
0.515128
0.485731
0.483915
0.498198
0.498374
0.507820
0.491311
0.512919
0.484905
0.493162
0.499402
0.492368
0.497039
0.514011
0.490723
0.503255
0.485413
0.505609
0.523539
0.489344
0.492950
0.488683
0.500842
0.487434
0.488561
0.489364
0.490465
0.493502
0.505786
0.523387
0.509706
0.508312
0.496640
0.505809
0.485905
0.495209
0.495009
0.489903
0.504946
0.507331
0.475193
0.493341
0.486359
0.493193
0.517885
0.516441
0.505279
0.495396
0.491442
0.510482
0.490961
0.494695
0.512247
0.498321
0.508966
0.505781
0.514249
0.501129
0.500638
0.515079
0.484633
0.504038
0.510269
0.484918
0.492165
0.486545
0.484302
0.495557
0.491210
0.482825
0.490182
0.508449
0.488754
0.492335
0.488380
0.482465
0.502592
0.501963
0.496503
0.504763
0.485079
0.494536
0.497866
0.493476
0.510621
0.499567
0.485527
0.499851
0.492517
0.497127
0.519622
0.513828
0.508191
0.504498
0.503131
0.498800
0.503977
0.498161
0.499912
0.498531
0.490759
0.510933
0.503774
0.484185
0.492444
0.489965
0.493423
0.500539
0.501865
0.498782
0.497456
0.489762
0.481407
0.499478
0.507497
0.504529
0.492991
0.499904
0.494333
0.495085
0.478424
0.491429
0.478514
0.510405
0.510725
0.506823
0.483451
0.497090
0.486350
0.495739
0.502206
0.490133
0.511415
0.513289
0.513726
0.494472
0.493278
0.499243
0.496486
0.510494
0.499716
0.500040
0.508580
0.515538
0.499118
0.489792
0.498395
0.517088
0.495258
0.502131
0.504055
0.516119
0.504167
0.493594
0.501336
0.510807
0.480541
0.475817
0.506583
0.498724
0.489938
0.505611
0.515748
0.496130
0.501451
0.495689
0.510261
0.500164
0.498967
0.499421
0.499146
0.489198
0.488689
0.490063
0.494299
0.496418
0.502574
0.496844
0.511660
0.496098
0.507957
0.496353
0.494197
0.503035
0.516270
0.495163
0.506764
0.504675
0.484039
0.493272
0.510498
0.508170
0.491103
0.499993
0.492502
0.477748
0.493334
0.501046
0.500348
0.500702
0.496133
0.501084
0.498036
0.501830
0.501567
0.506437
0.507370
0.506346
0.503511
0.505021
0.492225
0.497191
0.507503
0.490458
0.501429
0.497165
0.509928
0.501287
0.500874
0.482275
0.501873
0.494722
0.492000
0.507160
0.506756
0.507555
0.493200
0.504437
0.503917
0.507530
0.505605
0.484532
0.508522
0.489372
0.494342
0.493523
0.502387
0.492319
0.520522
0.503718
0.508141
0.493526
0.483496
0.505762
0.486998
0.501762
0.496009
0.511276
0.489806
0.492435
0.494608
0.507714
0.502690
0.504566
0.505196
0.495258
0.504032
0.491052
0.502646
0.513668
0.490514
0.479631
0.492253
0.494251
0.503952
0.509974
0.508155
0.494423
0.508431
0.497715
0.487022
0.489570
0.513121
0.521403
0.512517
0.487573
0.517624
0.489046
0.511289
0.495501
0.494708
0.489920
0.497300
0.522204
0.505243
0.497659
0.497745
0.498206
0.492658
0.514336
0.508730
0.494281
0.516985
0.501786
0.496827
0.512484
0.503364
0.509906
0.501491
0.477685
0.497682
0.486266
0.504113
0.504036
0.508875
0.515832
0.508320
0.497234
0.500149
0.512935
0.516832
0.503334
0.499732
0.474154
0.509411
0.497064
0.500172
0.484063
0.515785
0.488416
0.503053
0.497918
0.506053
0.509581
0.491704
0.498654
0.502819
0.484301
0.499461
0.507687
0.508250
0.489978
0.496195
0.509767
0.483708
0.512414
0.495408
0.503374
0.503293
0.496086
0.507292
0.492267
0.481149
0.501488
0.492659
0.498249
0.508127
0.505901
0.478581
0.502897
0.510625
0.503998
0.498264
0.523701
0.493114
0.512642
0.496497
0.485391
0.488468
0.501004
0.500707
0.500064
0.516693
0.498595
0.508516
0.486835
0.498134
0.488511
0.497349
0.505577
0.499483
0.489377
0.498240
0.503730
0.488970
0.512521
0.493633
0.507313
0.492573
0.493199
0.489822
0.495804
0.506602
0.496560
0.505933
0.501771
0.498840
0.504834
0.491270
0.504907
0.502351
0.495338
0.505540
0.504121
0.491677
0.507190
0.502093
0.495166
0.495921
0.497301
0.507676
0.493573
0.500532
0.493406
0.498071
0.494646
0.513154
0.494348
0.502195
0.511739
0.476324
0.495113
0.501646
0.506291
0.498706
0.508347
0.505881
0.465381
0.496846
0.498239
0.493218
0.519128
0.510759
0.500233
0.487659
0.507294
0.509375
0.501343
0.499609
0.499289
0.515374
0.486963
0.515723
0.504653
0.483542
0.489863
0.501128
0.479105
0.492352
0.490990
0.504918
0.495050
0.496075
0.496185
0.502270
0.500533
0.489283
0.494826
0.500225
0.516240
0.511485
0.502981
0.508646
0.510455
0.476349
0.511274
0.493512
0.512467
0.490682
0.504855
0.513580
0.510079
0.492030
0.497060
0.503221
0.509714
0.490372
0.508301
0.505671
0.481558
0.506684
0.497183
0.513832
0.498379
0.487334
0.498219
0.497645
0.503813
0.502753
0.502118
0.493090
0.504283
0.510433
0.514314
0.494899
0.507573
0.498667
0.485533
0.508678
0.482957
0.497553
0.498833
0.498325
0.497015
0.479439
0.491962
0.507072
0.497508
0.507794
0.505611
0.498233
0.514817
0.501005
0.486534
0.503927
0.496742
0.492856
0.492605
0.501753
0.483080
0.512441
0.489432
0.507773
0.490637
0.506382
0.482363
0.505164
0.497665
0.486446
0.512257
0.517992
0.482345
0.490592
0.490643
0.515747
0.488268
0.481143
0.504202
0.511074
0.504277
0.497063
0.504586
0.492800
0.498079
0.495473
0.490799
0.484949
0.490273
0.501181
0.501455
0.499757
0.499109
0.505648
0.490109
0.505610
0.497549
0.503663
0.503522
0.487751
0.491005
0.519958
0.501612
0.495930
0.496955
0.506536
0.499784
0.484887
0.512678
0.511601
0.501437
0.498992
0.502693
0.515864
0.492130
0.499345
0.520561
0.502594
0.497287
0.492860
0.493667
0.487389
0.492080
0.505090
0.499980
0.508950
0.503278
0.490339
0.496939
0.497011
0.511910
0.475136
0.490580
0.501842
0.507455
0.492808
0.493470
0.504655
0.496627
0.497638
0.494970
0.507702
0.486738
0.509288
0.498165
0.500632
0.505096
0.494257
0.500613
0.501511
0.485797
0.501484
0.497053
0.505161
0.497330
0.516056
0.506495
0.504834
0.497126
0.492141
0.504698
0.506203
0.499624
0.498371
0.491799
0.497953
0.482740
0.500737
0.497720
0.488487
0.496560
0.501752
0.510040
0.482949
0.503968
0.498121
0.496284
0.488137
0.494131
0.504687
0.503764
0.502224
0.519540
0.488879
0.504350
0.472959
0.488806
0.489178
0.499997
0.509255
0.506734
0.502865
0.498130
0.506158
0.518431
0.522044
0.494911
0.490828
0.507104
0.503142
0.488530
0.500217
0.494716
0.488295
0.497325
0.484809
0.474966
0.488187
0.510040
0.489276
0.510123
0.500768
0.497925
0.496655
0.499506
0.504241
0.509078
0.515768
0.500411
0.486723
0.493681
0.501907
0.483977
0.486537
0.505748
0.500803
0.499878
0.510990
0.516379
0.505341
0.517658
0.501935
0.490592
0.490043
0.487832
0.517579
0.504398
0.513005
0.493424
0.481396
0.493301
0.499924
0.499124
0.500274
0.490794
0.497857
0.502081
0.502246
0.499492
0.500316
0.508018
0.495353
0.495064
0.499607
0.491367
0.486112
0.510401
0.498898
0.503894
0.507348
0.495237
0.501398
0.488648
0.485309
0.494476
0.487871
0.495757
0.497537
0.496547
0.493513
0.513701
0.496741
0.500309
0.504932
0.497733
0.501989
0.503772
0.512486
0.492169
0.506414
0.503540
0.483193
0.516499
0.513595
0.502194
0.502219
0.510777
0.503996
0.500655
0.497569
0.512861
0.497899
0.511603
0.506194
0.506255
0.516851
0.493015
0.495988
0.492330
0.487048
0.489778
0.489387
0.495953
0.499996
0.521707
0.500044
0.507261
0.498701
0.492618
0.512301
0.509828
0.496232
0.496411
0.484613
0.494146
0.498184
0.493059
0.507300
0.495216
0.493550
0.491691
0.508729
0.490978
0.521832
0.494597
0.492494
0.484780
0.508157
0.498880
0.505212
0.498258
0.508059
0.498972
0.495335
0.503553
0.496162
0.504302
0.496900
0.499653
0.484365
0.493998
0.494690
0.510321
0.495494
0.502709
0.505253
0.505345
0.496579
0.504435
0.507838
0.483895
0.499199
0.490790
0.494743
0.508190
0.479149
0.481857
0.492745
0.506117
0.475359
0.513644
0.498202
0.486134
0.503198
0.509280
0.499846
0.498994
0.502807
0.492270
0.492288
0.493347
0.498035
0.512123
0.483826
0.495121
0.495832
0.505451
0.497040
0.513560
0.479603
0.504691
0.497405
0.502143
0.493263
0.495431
0.485547
0.498922
0.509666
0.499186
0.510395
0.489280
0.487691
0.513638
0.492498
0.497954
0.499569
0.508768
0.506294
0.495304
0.506921
0.511299
0.492902
0.508753
0.517857
0.475558
0.499379
0.502396
0.496373
0.502353
0.498072
0.496362
0.489298
0.510484
0.491497
0.510599
0.510121
0.489867
0.514894
0.500091
0.515565
0.510110
0.495068
0.480689
0.491107
0.490981
0.511419
0.502401
0.502380
0.503307
0.507844
0.508238
0.496323
0.501708
0.508680
0.494306
0.497229
0.513077
0.496348
0.502045
0.486873
0.509906
0.503017
0.491806
0.515376
0.487007
0.501119
0.509732
0.498630
0.504744
0.485332
0.500784
0.500362
0.500493
0.492328
0.508344
0.503191
0.497470
0.489340
0.501853
0.488957
0.488927
0.509435
0.482463
0.501968
0.503643
0.501757
0.512489
0.502602
0.483527
0.499908
0.508937
0.501837
0.492194
0.500209
0.496204
0.487395
0.503549
0.494071
0.499870
0.490133
0.502570
0.506708
0.490588
0.503590
0.504608
0.521227
0.504673
0.515096
0.479121
0.505407
0.478124
0.500732
0.486601
0.507292
0.491788
0.510443
0.487084
0.510215
0.506421
0.501122
0.497984
0.493801
0.493825
0.497486
0.498136
0.520373
0.501944
0.504309
0.502949
0.493387
0.486657
0.495890
0.502910
0.502758
0.502018
0.496958
0.505740
0.506786
0.510521
0.508525
0.506937
0.504471
0.506333
0.510911
0.493824
0.486737
0.505572
0.492839
0.501963
0.498985
0.475733
0.489010
0.490376
0.488580
0.499540
0.495103
0.501544
0.483896
0.494918
0.493543
0.500221
0.494869
0.516579
0.501306
0.500971
0.510309
0.498550
0.498524
0.497790
0.487165
0.491744
0.507787
0.507887
0.521876
0.509285
0.513281
0.486770
0.499084
0.498455
0.476866
0.504094
0.492375
0.491838
0.497004
0.478870
0.498713
0.491766
0.502050
0.479206
0.488137
0.485517
0.499238
0.499532
0.485320
0.495235
0.513085
0.489165
0.505695
0.496918
0.509299
0.501566
0.505627
0.495648
0.496898
0.496743
0.495235
0.503714
0.503594
0.494877
0.491983
0.523780
0.528644
0.483276
0.504065
0.487562
0.523665
0.504319
0.496532
0.515779
0.511244
0.492112
0.503485
0.505888
0.489421
0.516411
0.499883
0.504322
0.490267
0.496298
0.492821
0.492128
0.493338
0.506960
0.503648
0.508516
0.487445
0.492586
0.507155
0.499123
0.505138
0.498766
0.487695
0.495138
0.506497
0.499791
0.488828
0.495408
0.506070
0.500462
0.516245
0.500215
0.476692
0.503439
0.479730
0.510039
0.520749
0.501681
0.508149
0.505001
0.510359
0.500261
0.499403
0.504842
0.503036
0.496606
0.502467
0.497550
0.518752
0.500058
0.502480
0.500483
0.494283
0.501490
0.498088
0.499284
0.504122
0.501319
0.492832
0.488897
0.480705
0.489394
0.510456
0.532417
0.511596
0.499769
0.503721
0.498794
0.496029
0.504347
0.493140
0.501504
0.502240
0.497163
0.503993
0.511273
0.500873
0.493781
0.500943
0.494450
0.517147
0.501912
0.510855
0.501232
0.496536
0.495659
0.490605
0.498223
0.485541
0.500557
0.498320
0.505773
0.503020
0.485273
0.489348
0.487241
0.502548
0.497362
0.512755
0.495162
0.507529
0.517604
0.505247
0.499191
0.498029
0.502111
0.498047
0.503615
0.492763
0.505093
0.513545
0.493354
0.504442
0.503324
0.506246
0.482569
0.496944
0.503207
0.491995
0.505358
0.497560
0.500138
0.495342
0.495960
0.516532
0.508795
0.503102
0.515522
0.509624
0.496105
0.489607
0.521186
0.495391
0.504685
0.517376
0.507203
0.505914
0.521022
0.506359
0.503496
0.504444
0.500725
0.482918
0.496216
0.516696
0.509251
0.508469
0.502902
0.483512
0.507493
0.500959
0.509483
0.491811
0.488320
0.504793
0.508906
0.501426
0.488683
0.517856
0.491960
0.499123
0.509387
0.516097
0.501787
0.495791
0.491203
0.491510
0.503895
0.504446
0.487885
0.506126
0.493459
0.501444
0.506266
0.497044
0.498952
0.480340
0.492221
0.494323
0.512265
0.501827
0.503235
0.490797
0.493573
0.516454
0.489592
0.503374
0.496696
0.482508
0.517290
0.501629
0.494018
0.497054
0.504764
0.508053
0.501388
0.496098
0.487314
0.507916
0.498965
0.503557
0.491926
0.502737
0.495053
0.512576
0.501758
0.506932
0.503187
0.490312
0.496892
0.487648
0.504308
0.504808
0.494589
0.500006
0.511385
0.509347
0.496811
0.504149
0.491819
0.514444
0.494655
0.511895
0.495266
0.490954
0.504561
0.490257
0.500651
0.490567
0.487909
0.506782
0.505078
0.507702
0.501117
0.503824
0.500080
0.497145
0.505069
0.512523
0.495449
0.492580
0.505387
0.512150
0.495495
0.510822
0.499822
0.497109
0.501691
0.498538
0.519330
0.496326
0.507939
0.500465
0.495742
0.492089
0.491500
0.497498
0.482362
0.504616
0.494023
0.501986
0.490043
0.502263
0.491488
0.502626
0.486750
0.509645
0.494395
0.488759
0.508578
0.507699
0.490397
0.492240
0.495082
0.508443
0.504113
0.488395
0.517014
0.498085
0.517400
0.503918
0.509795
0.495976
0.505892
0.493718
0.494052
0.492877
0.489764
0.500929
0.504931
0.489724
0.507261
0.487987
0.490251
0.498856
0.518426
0.500591
0.507096
0.515935
0.502854
0.517018
0.512908
0.496080
0.501606
0.506215
0.495171
0.503640
0.496892
0.509952
0.499148
0.500388
0.501252
0.516587
0.508170
0.505069
0.497340
0.495127
0.481254
0.501043
0.508389
0.497198
0.497528
0.516545
0.492651
0.492243
0.491643
0.522644
0.506208
0.496645
0.501922
0.502012
0.493808
0.504908
0.505976
0.494691
0.511603
0.483685
0.513281
0.504740
0.498137
0.489232
0.518271
0.512864
0.505409
0.498890
0.491608
0.504090
0.496320
0.507572
0.492603
0.505851
0.511202
0.493058
0.503767
0.497729
0.508474
0.505770
0.514967
0.506689
0.498387
0.498924
0.485478
0.484358
0.494763
0.514692
0.487956
0.491584
0.509814
0.500685
0.499265
0.510608
0.502562
0.494492
0.505514
0.498286
0.490081
0.499609
0.502707
0.499364
0.491969
0.497713
0.513176
0.502148
0.510522
0.485784
0.498821
0.490076
0.487128
0.497620
0.502171
0.506471
0.487058
0.506424
0.486173
0.499636
0.497600
0.503871
0.512926
0.497760
0.475992
0.487672
0.502018
0.498417
0.494825
0.484830
0.504882
0.527174
0.509046
0.509353
0.495058
0.490431
0.488314
0.491678
0.492220
0.506149
0.504897
0.488571
0.492377
0.492799
0.507041
0.479873
0.502969
0.512020
0.516036
0.508102
0.521776
0.495448
0.508094
0.500313
0.510665
0.507860
0.510141
0.497811
0.503112
0.497368
0.514895
0.491337
0.502430
0.510334
0.510754
0.499069
0.501975
0.507512
0.515899
0.504518
0.515087
0.513032
0.509620
0.501906
0.494411
0.518599
0.505671
0.505544
0.503932
0.502656
0.499946
0.483342
0.487972
0.500582
0.501069
0.501885
0.498631
0.505895
0.493444
0.499704
0.507006
0.505588
0.499451
0.500577
0.491121
0.508612
0.498915
0.489680
0.510301
0.499163
0.497888
0.504712
0.490464
0.508035
0.499742
0.511658
0.512403
0.496789
0.517090
0.511441
0.490716
0.501136
0.494352
0.521392
0.498651
0.498031
0.505199
0.495170
0.490736
0.494397
0.509752
0.491487
0.501100
0.489508
0.500644
0.505383
0.500461
0.509646
0.495123
0.498698
0.483810
0.512286
0.507341
0.487452
0.500655
0.494085
0.501655
0.494005
0.508745
0.479424
0.488198
0.512553
0.517048
0.510309
0.498427
0.494808
0.496396
0.501923
0.494020
0.513091
0.499666
0.504008
0.500293
0.494790
0.508209
0.506745
0.501876
0.502604
0.500681
0.498882
0.492770
0.502968
0.489986
0.503554
0.493116
0.489988
0.515149
0.511342
0.505015
0.488772
0.496957
0.502817
0.509930
0.509641
0.481608
0.508695
0.493196
0.514658
0.503186
0.489600
0.512350
0.510171
0.498921
0.507297
0.484935
0.488859
0.500883
0.511315
0.497938
0.508505
0.494354
0.497874
0.486522
0.502557
0.494197
0.483712
0.496428
0.508774
0.504791
0.502840
0.503379
0.504253
0.486682
0.509854
0.501939
0.493570
0.507243
0.507099
0.481753
0.498804
0.487607
0.513105
0.483098
0.519227
0.513867
0.496783
0.502004
0.505012
0.523384
0.510710
0.501148
0.501002
0.503311
0.509366
0.501016
0.481871
0.505182
0.504664
0.511651
0.496572
0.500912
0.516741
0.499401
0.505228
0.502156
0.512368
0.499466
0.506796
0.505680
0.505101
0.511431
0.488528
0.503073
0.499266
0.496163
0.491465
0.516480
0.493320
0.498034
0.497824
0.512793
0.495411
0.494003
0.490967
0.504816
0.494944
0.494472
0.523763
0.518728
0.499647
0.489423
0.497295
0.502219
0.508688
0.483772
0.492203
0.503731
0.511848
0.504993
0.483397
0.505735
0.503889
0.499091
0.506960
0.504969
0.488228
0.508395
0.489861
0.502956
0.494575
0.503699
0.508853
0.504829
0.497579
0.504303
0.513545
0.497762
0.494509
0.501839
0.491827
0.492745
0.502552
0.505484
0.488509
0.494701
0.503526
0.506360
0.498164
0.503935
0.507501
0.493014
0.492374
0.503693
0.481869
0.522934
0.501776
0.509044
0.507988
0.483940
0.488904
0.513784
0.501209
0.507344
0.498822
0.498798
0.499080
0.496256
0.495597
0.512968
0.500503
0.500331
0.478977
0.497572
0.517398
0.496149
0.492710
0.505514
0.506856
0.511651
0.499310
0.492335
0.486461
0.506223
0.500366
0.507432
0.488546
0.511623
0.502448
0.512686
0.494087
0.494813
0.499914
0.499458
0.520894
0.491779
0.497960
0.496672
0.501358
0.502592
0.501520
0.512186
0.509604
0.496276
0.503329
0.500598
0.505518
0.505399
0.495032
0.503512
0.505078
0.479370
0.497638
0.503820
0.504243
0.507753
0.509314
0.507080
0.518935
0.494782
0.490543
0.483933
0.494206
0.503132
0.495926
0.501758
0.486081
0.500259
0.500335
0.509418
0.500593
0.496414
0.500021
0.499188
0.510434
0.518554
0.504859
0.487651
0.490098
0.487650
0.487525
0.495072
0.525546
0.499038
0.491340
0.503574
0.491991
0.500580
0.478531
0.488736
0.501661
0.499456
0.496589
0.492064
0.499557
0.493873
0.511033
0.513760
0.502297
0.521524
0.486954
0.508984
0.482444
0.508301
0.516313
0.494412
0.504161
0.493171
0.502788
0.495341
0.503652
0.500506
0.498191
0.487521
0.518749
0.496908
0.494998
0.507295
0.511757
0.504241
0.499817
0.494244
0.500830
0.488102
0.496383
0.493399
0.499734
0.503549
0.492970
0.491961
0.507076
0.511389
0.492633
0.507311
0.497153
0.503693
0.508308
0.498092
0.492752
0.501019
0.498114
0.508762
0.499308
0.491188
0.513291
0.508435
0.499732
0.506032
0.501781
0.492616
0.499591
0.516062
0.497638
0.495636
0.502495
0.497488
0.495058
0.502083
0.493034
0.504005
0.504123
0.506742
0.483697
0.490371
0.501318
0.489231
0.499369
0.503082
0.488325
0.501832
0.493367
0.501679
0.496060
0.506260
0.504709
0.489297
0.491117
0.506366
0.492787
0.486756
0.513505
0.500356
0.512059
0.501142
0.506946
0.497581
0.493540
0.506359
0.501547
0.503571
0.492704
0.484235
0.501111
0.498586
0.504032
0.493636
0.498051
0.500856
0.491870
0.502093
0.493569
0.503145
0.505028
0.504006
0.512684
0.503037
0.506964
0.508631
0.495077
0.514401
0.493732
0.509401
0.518535
0.505605
0.513924
0.483185
0.517568
0.504061
0.498229
0.493158
0.498374
0.494955
0.495808
0.484374
0.510862
0.510768
0.503420
0.503826
0.502271
0.497540
0.479297
0.512034
0.518205
0.495344
0.493664
0.490212
0.501260
0.487712
0.494292
0.509196
0.486628
0.487701
0.487021
0.491742
0.483170
0.507573
0.508319
0.496618
0.503887
0.507112
0.501906
0.510090
0.508923
0.502929
0.487489
0.505867
0.507967
0.494864
0.499577
0.502318
0.503321
0.509303
0.489878
0.498926
0.498121
0.508255
0.493138
0.486264
0.492598
0.505529
0.517164
0.494213
0.492025
0.516615
0.506473
0.494695
0.501193
0.484107
0.496824
0.504567
0.495781
0.500880
0.494312
0.514514
0.480620
0.499538
0.493357
0.498846
0.488256
0.523966
0.508442
0.495048
0.493671
0.497139
0.499205
0.504149
0.493770
0.502985
0.505332
0.515415
0.509049
0.497502
0.487865
0.516858
0.512202
0.501245
0.497814
0.497837
0.495239
0.504525
0.513056
0.492179
0.496207
0.513996
0.509278
0.488686
0.498665
0.492477
0.493214
0.493586
0.495660
0.507694
0.506797
0.488837
0.482257
0.491452
0.502736
0.504695
0.489609
0.478874
0.479842
0.489818
0.513854
0.497509
0.510300
0.504289
0.502236
0.503835
0.491122
0.492747
0.492046
0.519041
0.505454
0.512667
0.509094
0.499884
0.492754
0.481497
0.497385
0.509752
0.498429
0.478362
0.511540
0.506046
0.510105
0.505628
0.497228
0.501430
0.511245
0.502994
0.511952
0.501512
0.501843
0.506224
0.510304
0.498571
0.498543
0.501009
0.491280
0.492457
0.497952
0.502138
0.490325
0.496451
0.489127
0.480230
0.490378
0.487727
0.510936
0.494260
0.514190
0.496806
0.510920
0.505189
0.505851
0.509236
0.495975
0.505646
0.515093
0.482302
0.508299
0.497811
0.501118
0.494703
0.516527
0.491294
0.490904
0.497660
0.493719
0.507537
0.498492
0.525607
0.502439
0.494285
0.501482
0.496274
0.507725
0.507318
0.488117
0.495764
0.500005
0.509077
0.505843
0.490726
0.484071
0.506783
0.492735
0.506765
0.495371
0.501207
0.505788
0.499563
0.493185
0.489644
0.497351
0.507814
0.490947
0.491918
0.506690
0.507495
0.503239
0.501076
0.494250
0.497209
0.511970
0.500920
0.483329
0.512564
0.507351
0.505216
0.485260
0.487044
0.481396
0.515290
0.505348
0.507962
0.488511
0.493387
0.507286
0.483455
0.498425
0.511603
0.493509
0.496620
0.500992
0.497155
0.502162
0.496911
0.490229
0.513244
0.505114
0.504294
0.489826
0.498816
0.512092
0.485569
0.495003
0.503431
0.498022
0.493439
0.508979
0.491464
0.492754
0.507317
0.510087
0.502749
0.506175
0.509276
0.501732
0.483074
0.511903
0.496357
0.501607
0.497156
0.491993
0.502761
0.503840
0.511792
0.489226
0.504574
0.487754
0.506151
0.482351
0.506138
0.493887
0.486711
0.499258
0.500880
0.500868
0.504637
0.503653
0.489423
0.493437
0.491420
0.506801
0.510902
0.503688
0.517106
0.501591
0.500413
0.500855
0.522631
0.507654
0.505049
0.504067
0.503659
0.496452
0.491936
0.495673
0.497180
0.489806
0.494139
0.513730
0.493159
0.480277
0.508017
0.499565
0.486296
0.490309
0.508744
0.509390
0.494996
0.508327
0.508678
0.498921
0.490957
0.491900
0.503616
0.478357
0.496030
0.491149
0.475823
0.502034
0.500211
0.510158
0.489421
0.497847
0.504919
0.497356
0.514446
0.489333
0.511178
0.494352
0.499171
0.498115
0.503897
0.500849
0.492139
0.502718
0.507495
0.487700
0.502307
0.509364
0.498044
0.473974
0.497764
0.486983
0.503735
0.498271
0.495921
0.502806
0.505734
0.488545
0.499574
0.480800
0.498919
0.507807
0.504956
0.512382
0.492729
0.498356
0.505109
0.513120
0.515662
0.509443
0.495311
0.517313
0.516769
0.502836
0.496484
0.478543
0.493415
0.496642
0.493636
0.496406
0.496070
0.481917
0.487453
0.503126
0.507866
0.496195
0.501749
0.513040
0.502729
0.503259
0.503472
0.498555
0.500123
0.504794
0.518156
0.503673
0.499415
0.496337
0.503103
0.499065
0.487625
0.499226
0.500549
0.499538
0.496621
0.500113
0.501309
0.515770
0.507772
0.511401
0.492780
0.492950
0.507769
0.498506
0.500689
0.499745
0.496980
0.500916
0.508074
0.507767
0.510854
0.501882
0.488664
0.486514
0.497995
0.486042
0.474621
0.491141
0.486113
0.499819
0.499598
0.502942
0.487364
0.509954
0.497554
0.509997
0.508522
0.502526
0.495429
0.492676
0.508897
0.498901
0.489641
0.515984
0.499096
0.505882
0.487315
0.512273
0.502097
0.481992
0.490462
0.508585
0.500310
0.502452
0.508072
0.497686
0.477644
0.495539
0.498460
0.490471
0.484860
0.512894
0.516406
0.504993
0.496022
0.507126
0.496676
0.504874
0.486016
0.481401
0.485745
0.493996
0.507904
0.505924
0.492571
0.499282
0.505956
0.492804
0.504166
0.494091
0.509269
0.496445
0.511724
0.507895
0.506441
0.509341
0.516931
0.497791
0.494474
0.490302
0.499687
0.494163
0.509329
0.501249
0.509290
0.512487
0.502053
0.502919
0.499997
0.498551
0.488435
0.482910
0.492088
0.493919
0.510795
0.498791
0.495390
0.513796
0.507809
0.500313
0.507944
0.483085
0.513041
0.514966
0.513330
0.488280
0.494939
0.477167
0.502105
0.497843
0.502566
0.505590
0.511388
0.506832
0.489241
0.494931
0.505814
0.498156
0.503598
0.499877
0.506778
0.485234
0.512024
0.508513
0.491166
0.521862
0.506350
0.495397
0.495149
0.501602
0.489690
0.522245
0.509064
0.498256
0.497223
0.486218
0.509531
0.507527
0.503806
0.498499
0.514037
0.500609
0.494207
0.499429
0.502780
0.515168
0.514999
0.490729
0.497569
0.501223
0.484722
0.509621
0.504015
0.485462
0.493038
0.496768
0.501230
0.509870
0.534323
0.513107
0.501776
0.505963
0.514714
0.500876
0.499303
0.505825
0.484249
0.493677
0.505443
0.494774
0.482764
0.514515
0.493287
0.501566
0.508000
0.482896
0.522915
0.504565
0.497557
0.511295
0.490108
0.489532
0.513851
0.494366
0.506233
0.495984
0.482643
0.499121
0.523598
0.507482
0.481691
0.492437
0.492612
0.496053
0.504413
0.497765
0.489504
0.501707
0.497847
0.501519
0.489295
0.511491
0.503441
0.494140
0.497486
0.502467
0.495940
0.511752
0.487794
0.485802
0.483578
0.486259
0.508837
0.503901
0.504600
0.510884
0.487704
0.520324
0.486805
0.517182
0.507081
0.497386
0.515382
0.491161
0.480451
0.488686
0.489048
0.509752
0.497065
0.511702
0.491049
0.493853
0.480685
0.496052
0.503405
0.509206
0.512566
0.493669
0.503949
0.490905
0.509304
0.500333
0.485961
0.513755
0.501462
0.489769
0.504676
0.487821
0.490176
0.504567
0.492048
0.516703
0.497738
0.504510
0.486809
0.495122
0.502816
0.491799
0.507646
0.487944
0.500197
0.498106
0.478864
0.484720
0.513479
0.512955
0.498796
0.501938
0.501686
0.472567
0.492610
0.496076
0.515061
0.497023
0.506698
0.499999
0.501019
0.498988
0.504961
0.503568
0.493504
0.514344
0.489869
0.495950
0.496462
0.514276
0.518138
0.495096
0.487287
0.508956
0.493343
0.497744
0.508226
0.492916
0.507782
0.502577
0.491969
0.496763
0.498170
0.480007
0.488423
0.501984
0.496798
0.504206
0.515565
0.499612
0.499853
0.508088
0.508953
0.513942
0.488512
0.496686
0.499118
0.488197
0.509474
0.511952
0.499706
0.503005
0.507192
0.491278
0.507769
0.497644
0.495916
0.500641
0.496664
0.502149
0.504264
0.491980
0.505721
0.509766
0.514754
0.497790
0.498313
0.510425
0.504590
0.502990
0.483568
0.488361
0.496738
0.482161
0.502214
0.515776
0.486272
0.487947
0.492040
0.492408
0.503877
0.512091
0.488536
0.502290
0.488294
0.482945
0.503517
0.509750
0.509247
0.505694
0.504949
0.495846
0.481266
0.512930
0.504484
0.513208
0.481769
0.504487
0.488667
0.502991
0.511907
0.492420
0.490518
0.509307
0.507846
0.498165
0.507596
0.507083
0.493627
0.487226
0.502607
0.496532
0.487927
0.493211
0.509499
0.493938
0.504218
0.487577
0.490788
0.508441
0.492224
0.491468
0.502693
0.502850
0.496653
0.499655
0.512054
0.494713
0.495158
0.493836
0.482528
0.503799
0.477347
0.484069
0.505776
0.505974
0.492803
0.500880
0.504504
0.495778
0.498893
0.486982
0.479075
0.496088
0.482568
0.494814
0.501773
0.522426
0.509364
0.482940
0.499226
0.484707
0.494220
0.511245
0.507762
0.510789
0.501832
0.506672
0.495991
0.510912
0.495657
0.493245
0.508175
0.502800
0.497790
0.508833
0.492448
0.486699
0.504986
0.506074
0.513021
0.520628
0.483010
0.493923
0.512579
0.515156
0.501068
0.518612
0.504910
0.492303
0.501737
0.497868
0.495557
0.507245
0.505586
0.488682
0.482859
0.517255
0.491549
0.502245
0.501539
0.506384
0.505055
0.494926
0.508590
0.498071
0.514825
0.506521
0.495007
0.504492
0.489556
0.491072
0.498468
0.498738
0.506310
0.498122
0.491927
0.503678
0.511706
0.503229
0.507257
0.496326
0.495910
0.522508
0.493032
0.500596
0.493336
0.484976
0.498960
0.499450
0.486026
0.498648
0.517131
0.499499
0.505778
0.513410
0.492860
0.502498
0.509502
0.498274
0.499440
0.493124
0.494989
0.486258
0.492041
0.503657
0.488018
0.494562
0.482207
0.500200
0.508270
0.499318
0.494826
0.504526
0.491416
0.501384
0.499900
0.482803
0.508763
0.491303
0.496996
0.500842
0.501241
0.500300
0.491638
0.498101
0.502767
0.515006
0.497043
0.478749
0.487801
0.495087
0.514070
0.508825
0.482451
0.498590
0.506567
0.500591
0.496486
0.499699
0.496616
0.501453
0.489949
0.494695
0.493793
0.494712
0.483505
0.491349
0.491208
0.497189
0.494430
0.491581
0.492974
0.492536
0.498506
0.486161
0.519265
0.491680
0.499598
0.506778
0.500270
0.501619
0.513549
0.489345
0.511707
0.498041
0.494900
0.500664
0.504161
0.512930
0.483408
0.501404
0.493560
0.490569
0.500239
0.489157
0.501570
0.517585
0.498881
0.496021
0.489012
0.500185
0.492341
0.511922
0.509226
0.496420
0.514715
0.498277
0.487939
0.491068
0.511658
0.501872
0.521040
0.492942
0.499182
0.505268
0.510885
0.505208
0.496088
0.490912
0.493496
0.500996
0.506858
0.506968
0.506421
0.487253
0.502174
0.491280
0.491616
0.489259
0.491725
0.504635
0.500842
0.494402
0.504489
0.490123
0.497755
0.485924
0.494061
0.498028
0.509835
0.509156
0.503283
0.508975
0.504543
0.508079
0.492851
0.498144
0.511495
0.484663
0.505285
0.488335
0.508134
0.507342
0.519769
0.530727
0.489628
0.489727
0.507440
0.489754
0.515818
0.508803
0.512264
0.482734
0.505291
0.523297
0.491408
0.510057
0.498708
0.498131
0.510764
0.501365
0.498567
0.499444
0.485205
0.492057
0.509410
0.487212
0.501002
0.512505
0.513850
0.507324
0.496978
0.512725
0.504165
0.495287
0.485944
0.511345
0.484325
0.512346
0.510761
0.491930
0.493033
0.506149
0.497123
0.512393
0.504566
0.484377
0.500353
0.497340
0.502541
0.504340
0.496210
0.502294
0.507976
0.506580
0.509360
0.491170
0.501999
0.503249
0.506607
0.496803
0.493657
0.490050
0.502596
0.501427
0.503155
0.507191
0.489577
0.507292
0.492350
0.513398
0.510008
0.504959
0.510308
0.504221
0.488196
0.504585
0.489526
0.496522
0.504076
0.498805
0.503480
0.493955
0.493455
0.499096
0.501135
0.510173
0.490364
0.484649
0.515728
0.491077
0.497036
0.487197
0.495606
0.499523
0.510250
0.506774
0.500227
0.498247
0.493340
0.497610
0.491429
0.497083
0.506898
0.497450
0.486041
0.501953
0.517550
0.502672
0.486278
0.499725
0.498474
0.501625
0.499013
0.507190
0.484977
0.514897
0.511990
0.485108
0.501234
0.513857
0.488745
0.511792
0.494289
0.495151
0.493392
0.504098
0.483957
0.504499
0.504080
0.513739
0.494165
0.507610
0.518037
0.501711
0.510029
0.500464
0.488559
0.478473
0.506266
0.501319
0.503760
0.493759
0.507508
0.498846
0.517032
0.492816
0.501819
0.495975
0.492142
0.501126
0.497439
0.498418
0.499978
0.498198
0.495019
0.504688
0.488694
0.489927
0.478667
0.502703
0.492251
0.483395
0.486492
0.496512
0.507551
0.500520
0.503091
0.494455
0.494807
0.502999
0.500175
0.501202
0.507235
0.515666
0.515396
0.501613
0.499944
0.506579
0.499699
0.480302
0.499297
0.516927
0.515393
0.485615
0.497756
0.515736
0.503653
0.521547
0.506520
0.502545
0.506914
0.501375
0.501015
0.496250
0.508368
0.503892
0.503204
0.506944
0.481661
0.498914
0.516432
0.510532
0.491072
0.499250
0.503196
0.503157
0.516178
0.484737
0.496273
0.501114
0.513256
0.501786
0.493300
0.502618
0.496774
0.500073
0.501062
0.473320
0.499568
0.497173
0.502968
0.502429
0.491801
0.494119
0.501196
0.483226
0.519222
0.478828
0.490781
0.495157
0.496755
0.510853
0.510801
0.499810
0.502628
0.501784
0.501819
0.506864
0.501472
0.498544
0.503752
0.510912
0.502675
0.499970
0.498660
0.505822
0.500416
0.492071
0.498285
0.501255
0.486328
0.484490
0.509602
0.502389
0.498903
0.504245
0.504762
0.513767
0.513508
0.506102
0.477539
0.504536
0.485544
0.503136
0.495967
0.477311
0.517841
0.492992
0.494376
0.504476
0.493926
0.500928
0.493026
0.518794
0.493883
0.511223
0.496166
0.499764
0.487068
0.494279
0.518641
0.511733
0.503717
0.479441
0.509341
0.501629
0.505504
0.504147
0.500364
0.499295
0.491945
0.516312
0.496677
0.501195
0.492113
0.528080
0.496980
0.498227
0.495215
0.515969
0.500712
0.495734
0.510991
0.524451
0.509389
0.501853
0.505578
0.497609
0.488800
0.492046
0.498857
0.516724
0.487698
0.481728
0.498570
0.503440
0.501291
0.504596
0.493358
0.517067
0.511921
0.487452
0.500771
0.509388
0.491528
0.508441
0.489550
0.494435
0.481720
0.491823
0.497572
0.509180
0.496296
0.495562
0.501306
0.504750
0.506243
0.489545
0.496010
0.506010
0.505440
0.495908
0.492837
0.488145
0.498701
0.497079
0.490865
0.503366
0.497798
0.504293
0.491854
0.493982
0.497178
0.494836
0.498307
0.500986
0.498994
0.499342
0.486294
0.498631
0.513244
0.506669
0.500184
0.510367
0.492555
0.485122
0.500528
0.501513
0.508238
0.487987
0.495454
0.510913
0.492257
0.504060
0.508060
0.505532
0.506696
0.500656
0.488286
0.497735
0.496301
0.480520
0.505054
0.495040
0.495049
0.495310
0.509399
0.503229
0.505632
0.506264
0.483817
0.522196
0.493301
0.503577
0.505674
0.501957
0.505211
0.501525
0.504531
0.506615
0.515166
0.503776
0.507841
0.505623
0.509494
0.502188
0.496383
0.500569
0.494231
0.501913
0.493417
0.498733
0.499490
0.488199
0.502523
0.502958
0.501116
0.507007
0.488186
0.507178
0.511234
0.496361
0.506683
0.496263
0.489277
0.492201
0.511581
0.490960
0.485173
0.497123
0.491369
0.501024
0.510354
0.492157
0.502342
0.511095
0.509787
0.496856
0.494362
0.508295
0.497162
0.514227
0.483897
0.493260
0.500008
0.493084
0.502275
0.502460
0.496918
0.491487
0.497573
0.492637
0.508710
0.514122
0.500532
0.489068
0.506070
0.489595
0.503735
0.499121
0.497956
0.494261
0.510204
0.498207
0.504734
0.495071
0.493877
0.488243
0.496335
0.498157
0.489810
0.504501
0.504019
0.485552
0.493804
0.500564
0.512347
0.493723
0.519073
0.489713
0.487788
0.493105
0.503851
0.505516
0.501326
0.500457
0.491181
0.500064
0.494600
0.492398
0.488891
0.512595
0.503817
0.498939
0.501631
0.500565
0.495202
0.493989
0.500165
0.505826
0.496809
0.491581
0.508528
0.498636
0.508849
0.517205
0.501290
0.505618
0.489214
0.490526
0.476709
0.499034
0.499869
0.494063
0.500110
0.519953
0.493860
0.516504
0.500650
0.518873
0.490363
0.499294
0.487445
0.503510
0.504007
0.486041
0.495009
0.500479
0.487794
0.504932
0.498491
0.508385
0.489727
0.517607
0.496941
0.497158
0.510671
0.491747
0.489797
0.492782
0.498672
0.485297
0.493692
0.501889
0.496176
0.497887
0.506574
0.505274
0.492275
0.501686
0.515349
0.500776
0.502485
0.512313
0.508027
0.481264
0.493362
0.499897
0.499811
0.509489
0.489362
0.513292
0.484789
0.498260
0.510029
0.504580
0.509551
0.500100
0.499407
0.489314
0.500444
0.484176
0.482890
0.502163
0.478151
0.492068
0.496106
0.500166
0.478991
0.492560
0.506627
0.521641
0.510846
0.489095
0.514455
0.503692
0.494482
0.508171
0.505832
0.478389
0.506265
0.489917
0.503622
0.498744
0.493875
0.503366
0.504570
0.495241
0.502321
0.501070
0.491562
0.507300
0.505707
0.490210
0.491868
0.512810
0.492702
0.500531
0.493394
0.492485
0.513245
0.509610
0.498868
0.495970
0.514101
0.482091
0.509819
0.496332
0.489289
0.513988
0.511526
0.518801
0.513957
0.489374
0.492408
0.494047
0.485768
0.496653
0.500337
0.511273
0.512402
0.497197
0.490846
0.489903
0.489995
0.512614
0.516334
0.501796
0.494444
0.513159
0.491815
0.490575
0.493001
0.509342
0.493178
0.500417
0.487900
0.494601
0.505693
0.497903
0.508613
0.511327
0.510999
0.491885
0.489319
0.498405
0.504475
0.499139
0.504267
0.486620
0.504097
0.490952
0.525854
0.505297
0.495505
0.493856
0.495866
0.505093
0.497099
0.498567
0.499859
0.503638
0.508713
0.481825
0.486076
0.500621
0.484568
0.498815
0.497625
0.514311
0.495843
0.481760
0.512203
0.486074
0.497693
0.493831
0.501290
0.502854
0.492917
0.495766
0.508973
0.509846
0.497039
0.488172
0.510289
0.502358
0.508593
0.507532
0.503148
0.494708
0.500802
0.485723
0.498381
0.495870
0.508063
0.498294
0.491249
0.500221
0.501158
0.509578
0.499869
0.484185
0.496953
0.488198
0.493668
0.509110
0.491132
0.493198
0.498318
0.500826
0.500628
0.489744
0.510288
0.494915
0.503592
0.501709
0.505678
0.508699
0.502134
0.502708
0.496398
0.496150
0.486306
0.510429
0.493453
0.491505
0.491908
0.493712
0.508193
0.503449
0.502888
0.517307
0.482616
0.508724
0.519994
0.501050
0.501536
0.495667
0.501690
0.500470
0.513361
0.499473
0.499496
0.489936
0.500068
0.518137
0.508682
0.491365
0.502207
0.495447
0.502738
0.506885
0.492716
0.505679
0.497347
0.498611
0.498438
0.486186
0.479885
0.493345
0.497160
0.502823
0.494427
0.510407
0.503390
0.488179
0.498385
0.498555
0.504522
0.514054
0.499592
0.509908
0.513248
0.508549
0.486826
0.515803
0.499459
0.504012
0.506385
0.491089
0.510483
0.504428
0.503836
0.496629
0.502256
0.511987
0.494161
0.500908
0.476971
0.493762
0.503607
0.513816
0.478871
0.519518
0.501533
0.507164
0.510525
0.507365
0.501519
0.522688
0.495344
0.500142
0.496806
0.516140
0.507734
0.496438
0.492162
0.517079
0.508534
0.492622
0.503845
0.496655
0.492640
0.490979
0.496191
0.509713
0.500448
0.490321
0.498599
0.480816
0.493864
0.521407
0.497312
0.486550
0.508065
0.486768
0.496213
0.505397
0.507028
0.513153
0.505783
0.505335
0.488895
0.486586
0.497922
0.483859
0.498178
0.511019
0.497163
0.489073
0.510443
0.513776
0.509854
0.501996
0.503713
0.496018
0.513752
0.501438
0.505884
0.510950
0.502723
0.498130
0.503155
0.498239
0.503841
0.493614
0.499132
0.503406
0.500234
0.507088
0.497195
0.501610
0.494645
0.499749
0.489843
0.498434
0.506654
0.486485
0.489357
0.496009
0.497538
0.500211
0.502512
0.493323
0.505929
0.516472
0.496719
0.490287
0.482489
0.500034
0.500385
0.488651
0.491537
0.486483
0.507648
0.503851
0.486266
0.510292
0.487990
0.504161
0.493885
0.491939
0.502070
0.502970
0.508229
0.514638
0.503654
0.490014
0.499673
0.489100
0.504869
0.474689
0.497045
0.484430
0.504311
0.510202
0.499749
0.501733
0.501324
0.501209
0.492672
0.515536
0.499062
0.499500
0.517410
0.492014
0.510826
0.483895
0.505906
0.492140
0.504763
0.490359
0.510121
0.502986
0.496271
0.492507
0.509376
0.494418
0.514334
0.510682
0.484582
0.503551
0.514148
0.503827
0.508981
0.503766
0.485454
0.509052
0.516004
0.505472
0.493197
0.488713
0.504063
0.482752
0.512018
0.499124
0.497249
0.505066
0.514067
0.504841
0.485703
0.494595
0.498223
0.509919
0.503785
0.499218
0.503110
0.493396
0.495256
0.505023
0.496891
0.493129
0.513114
0.507414
0.505880
0.498373
0.505357
0.498498
0.506765
0.506469
0.511350
0.501239
0.504980
0.487798
0.487712
0.494870
0.498924
0.498596
0.493373
0.505744
0.506539
0.507144
0.483663
0.501946
0.508801
0.486337
0.515128
0.498212
0.508761
0.494171
0.496046
0.513774
0.485489
0.513399
0.496128
0.483881
0.496420
0.496676
0.483027
0.503166
0.501153
0.498149
0.502706
0.498329
0.508093
0.500172
0.526881
0.504227
0.507704
0.497706
0.483247
0.498380
0.505132
0.497633
0.509063
0.510787
0.496731
0.494149
0.508592
0.514478
0.495717
0.496800
0.506022
0.499791
0.497225
0.489845
0.498998
0.490678
0.496457
0.511597
0.484170
0.496869
0.502838
0.480777
0.504643
0.504300
0.498505
0.496679
0.495312
0.494122
0.507001
0.500798
0.494507
0.479729
0.497112
0.489876
0.518153
0.487774
0.506127
0.498250
0.505909
0.508478
0.494005
0.510471
0.499039
0.480999
0.485557
0.485602
0.489746
0.490564
0.517582
0.494142
0.507752
0.503880
0.507378
0.493369
0.505696
0.521627
0.489501
0.499710
0.506599
0.494148
0.493683
0.498392
0.521714
0.499376
0.487009
0.503571
0.506646
0.509930
0.502907
0.489254
0.509721
0.481838
0.484231
0.499162
0.512333
0.506342
0.507580
0.495215
0.503658
0.510181
0.505736
0.495411
0.521109
0.494214
0.487960
0.498055
0.506449
0.500146
0.497809
0.496192
0.486881
0.503188
0.498606
0.496495
0.491573
0.504641
0.494403
0.501728
0.493910
0.499862
0.504341
0.484308
0.505415
0.486931
0.489948
0.505325
0.501741
0.499116
0.498731
0.501486
0.487962
0.489855
0.506042
0.489873
0.494311
0.493638
0.491761
0.506684
0.495096
0.504608
0.510284
0.499568
0.512643
0.494327
0.498235
0.474478
0.483777
0.500862
0.493261
0.506475
0.493757
0.492530
0.499120
0.510410
0.506509
0.506592
0.465490
0.491762
0.508215
0.491839
0.504058
0.508452
0.500805
0.492383
0.499370
0.507880
0.509261
0.499083
0.520229
0.484820
0.509581
0.518404
0.514151
0.488577
0.505642
0.492963
0.519726
0.494031
0.508681
0.503389
0.495874
0.495323
0.505043
0.479094
0.478242
0.496189
0.491050
0.493538
0.503738
0.492998
0.492974
0.503151
0.496096
0.492446
0.492790
0.496527
0.508260
0.490836
0.494180
0.489298
0.485638
0.499461
0.513543
0.510791
0.495770
0.483368
0.491035
0.488594
0.490172
0.497193
0.510408
0.496950
0.496099
0.505061
0.508183
0.491310
0.495011
0.502182
0.509762
0.510831
0.476393
0.505441
0.502349
0.495652
0.504179
0.501297
0.500742
0.499684
0.494421
0.502865
0.497767
0.492220
0.510173
0.510736
0.509079
0.499893
0.496603
0.495917
0.507431
0.495393
0.506316
0.499993
0.508409
0.500896
0.498434
0.503155
0.491177
0.507572
0.494947
0.504794
0.505176
0.480817
0.491862
0.487814
0.483447
0.499838
0.488418
0.490861
0.500537
0.500480
0.484294
0.495827
0.499653
0.487025
0.515156
0.487515
0.502877
0.489495
0.492033
0.511360
0.502255
0.494282
0.508791
0.486812
0.518914
0.509165
0.496908
0.492225
0.496606
0.515049
0.507031
0.497008
0.497669
0.505300
0.496509
0.492455
0.498887
0.499908
0.495026
0.508632
0.503461
0.488396
0.497016
0.505277
0.500830
0.499216
0.518684
0.500797
0.498862
0.480463
0.498711
0.505397
0.493706
0.498928
0.498412
0.496929
0.504505
0.493857
0.496460
0.491894
0.497257
0.503276
0.499359
0.499034
0.504826
0.493499
0.513161
0.498595
0.493101
0.518942
0.497353
0.489568
0.497918
0.510139
0.479039
0.506869
0.514441
0.506178
0.498275
0.484245
0.492223
0.509421
0.495388
0.497107
0.499484
0.501033
0.507805
0.496762
0.506576
0.495977
0.507327
0.507265
0.489095
0.508020
0.521100
0.498980
0.506274
0.508921
0.496965
0.492871
0.502875
0.511145
0.496615
0.494994
0.514033
0.488855
0.491385
0.500848
0.505258
0.499852
0.509827
0.497480
0.506386
0.511378
0.495736
0.493937
0.492576
0.496900
0.503380
0.498603
0.500994
0.505785
0.488909
0.486139
0.502143
0.499369
0.499795
0.498861
0.506645
0.512256
0.496220
0.511551
0.486900
0.514526
0.482450
0.507453
0.494764
0.521365
0.511168
0.501498
0.497897
0.496778
0.497713
0.490250
0.491309
0.504601
0.484881
0.497828
0.495511
0.495768
0.502577
0.512879
0.490798
0.505180
0.510106
0.506351
0.499843
0.502256
0.496683
0.491435
0.503427
0.500090
0.501995
0.497112
0.489960
0.497338
0.511477
0.505247
0.503423
0.508218
0.503798
0.505436
0.492314
0.491882
0.510080
0.492877
0.508746
0.493154
0.498221
0.495751
0.493935
0.507089
0.496387
0.507505
0.513269
0.502375
0.496427
0.496420
0.507147
0.497358
0.488890
0.504546
0.508057
0.497050
0.484283
0.487013
0.504755
0.492891
0.479715
0.496320
0.496907
0.492523
0.491851
0.497761
0.504000
0.489730
0.509718
0.500137
0.512783
0.497261
0.499338
0.511284
0.507723
0.494491
0.493615
0.491421
0.509928
0.501267
0.502486
0.503874
0.490127
0.487973
0.485277
0.481086
0.516354
0.486978
0.508716
0.509591
0.491271
0.486718
0.496832
0.500105
0.503766
0.497080
0.489569
0.488727
0.496990
0.509356
0.485211
0.516069
0.500169
0.499187
0.500120
0.510141
0.488630
0.517688
0.488741
0.486881
0.501845
0.498985
0.497217
0.488973
0.497577
0.482642
0.494722
0.489701
0.518698
0.499231
0.494982
0.499543
0.496865
0.509956
0.498585
0.514953
0.495857
0.505477
0.499091
0.505236
0.490272
0.494718
0.499320
0.480481
0.501606
0.490901
0.487688
0.485733
0.512652
0.497345
0.502305
0.487107
0.495056
0.492665
0.505817
0.500171
0.501884
0.511385
0.513745
0.516697
0.478610
0.502261
0.511158
0.510817
0.509087
0.512141
